115411535297438551041
109908435403153802108
106698435963206338652
115097700926140908864
116659752606115498059
108948550690794699971
112643288471076593482
101875037962336049313
109081268445663301663
102467126432132982843
117341440547341726947
103052401379672665032
112921059573236202454
115856708078294733308
106444283702115786979
116665203396058651244
104835418912261355982
109849359317217555239
103193685520436663789
100232542443478787227
114808122522702069634
108747156854390591259
115315082638505244816
100256028351057028799
110402983481579618917
116623402702250075205
113006028898915385825
117663015413546257905
109938202835872364257
117785185597369420811
108671327006062144749
105234748527549840217
100771497191744943286
104013835962992611989
102630540900751814602
107471393302984843642
101169865857654555922
112873520313436899309
117058161550648913488
105121463141624073942
105107453507285149523
116920161376236094211
107879087798845510061
116773663059126383296
101630772494391229814
115870696674476115501
114597966962134789716
111759908944994787381
117790520026358368567
109630095516182552919
111091089527727420853
114018232303831249060
106403027433319704120
117763121652476159528
115105688391873512546
106898196079069129751
103236923460989248324
114367259927904175793
112889009680271869394
116480057469316097585
105494779441890004133
107688829125694205603
108965164133793342297
102223279760110977608
116633717630619543157
115675614385382981242
103006963928625760261
111999035461015326746
101953626594946659151
116809316610015661989
116474547084258802317
107774758408401225893
115650693452920866943
112986039580953403823
101149814122387248223
104029703047276336933
102421481857655661737
100523784851251213675
112360261870352647105
104450748969982635153
106757832067240524207
112617127041903537004
107308460013033893888
106552720667762384664
108682797791973784332
105666343343572900109
101996370517328694418
108350996452836061004
117419150061736769835
103554340067338679088
116106031844608765641
110860536659713073711
104488167592394605227
107053419047426088316
103875992048497562800
102468191326469095998
113054164698878248539
110822094071074361293
107356721460687140140
103813834205505896639
107765155354887834405
112859244767729828637
101308266282077604965
107137935084436213681
110635991453136808479
114233674199568482864
117445706025659722538
108450240479866108610
110987122726818254657
108001904054679104916
115718540317210362691
101327574707577635300
110438090236923626992
100206129979578803059
112000024225164799446
116547676006168332909
115571960307377140898
106409304785955122962
104458870869317920976
114033531543334884588
107036470085722845772
115171332634227035440
115115101801752763597
110410791324402947020
102256309560298040709
108846998869637201361
101041881026971694523
115620878851836664537
103561651335947774764
101752040505756228125
102653703435115210983
111146108644974413761
112417919317910781482
114538814489633467974
104659456914896361926
110983835087596030136
110835279122362105552
118109936504565640456
116664720616953038794
111502940353406919728
106900796358848801123
117449633197639721593
102485721261724622399
116020633970440858636
104949091327573820733
118242496895818586817
114884623237942654218
117252772151029627228
114059886550915250442
101217859889524171793
114701758905502133655
113544226688149802325
101584889282878921052
111734237778995429762
109632926185753183937
118067544473995867806
103921560933476776900
117506125229608138804
106676047029022880747
114786303092313788049
102223567729432817533
106080251822793038735
110360566588177930556
116032655643285884205
106305371373300409651
112153842800169741032
102251766629138634463
102007912452220868005
102686977541179629653
100184073177480150067
117270312380639264489
112276829004700211917
117283788505747742445
100203557017690900011
108637529747270551820
103943249487747480828
112048070794252585618
103995916211974652391
106934864033790932269
105489065160959389675
104270904366205829006
114301543638305041274
108178207650853308679
104940345023225471998
103387135032541047080
110007758350001427984
106587042985091812813
113871790727711661966
107031921655640126162
106597188765170883597
116051259441316128027
115477949120853213753
104745798775930983445
117071937607819519849
112220386356445054545
112012680629599179405
108048003153633851974
103969546756379508084
117245969159746198625
109002313763598557961
107254147915240233302
108464824691224715515
106176762220398854458
114728245424310221692
105775546175909363163
110454361542112337736
105002656709277993379
112980572940813774207
113281374878828055578
107703609616032152898
114541791686854986518
109443761896873698432
106040920660963956538
116963721990743023887
115968167162287785065
105470051188577801010
102976966491897931225
110025554127626580464
101159830675913070599
114229059433437200378
106256480149288183098
105136950658783507457
100312360460029645919
112392333389500844136
103922422125729383587
103856476988548053902
104987932455782713675
110930479248748962886
116313940416025106561
106816866859480808067
105776604592839791482
117419150061736769835
107805432184547960184
102937801146732590067
113129524416958762199
116020633970440858636
104488509297269410525
114755720969751376538
107252679140906130911
105064571339265698380
116243472612414704935
109576371054766126560
110530590327565990707
101966250387827652733
113637799868111453431
104241996506596749840
112781359918451729976
107988184692568704558
106061660130098778874
102511089501724382955
113190229460560085138
104857406109954440836
100342703577899262613
107169881344097643176
110700994347677244209
117916903811396964681
114821822690045428621
117857066649544506781
105833807082518948631
105307492882977866130
107459360230738700328
114992373488668196078
111066278895917978985
105411287328113838770
100441345282412876736
105384913311768965997
106990768332812454830
111766079512547492007
104171973056281402320
113884647182887450410
101321595060574266464
111679940274510172782
114774660510891729397
116417560883731706834
106960445015668581969
114985072985242855328
106445486315230745362
111341398160608381865
117828903900236363024
101597035324476594899
108893802363582988648
106676969568919358197
111485035368999468883
115011403269152754989
106991963877959899743
109379162282223472914
111567547782666546187
107655425051835546837
100710399272188684288
103596822245285841509
109052565410488671949
117572648855759587632
107649142830525679584
104649744528281006486
102502129200589158127
103439355841111915335
105485612045396979564
102120427930398139402
111319281559990803803
113480310323564215813
113127438179392830442
105143888428940743935
117388252776312694644
113899310637703974412
106420234462540996146
103665775864125723600
103745203309160971155
102638599682937145086
108027745791553272617
112467728570528442441
114939270563299965266
100807263637256073175
117159116832786528345
112644721631398714816
110439926671782450767
101176389799185755147
115605400471045792370
113924555766753659514
102189248744130499783
112201088023856260900
102142361921000047846
112516204520166553457
109494038385714935736
109370089908251592872
101375522184303766649
110573952887886961621
114334032885239250126
103930700104870310389
106437733901061828598
109631075847576113329
106601317277943112864
113386502740212720419
108129202557078877094
112495062145828779627
114712668659766906479
106978668684330558056
102933400496191130691
114812212406230173522
107460803802183678203
111869544946564918441
107952990524341539861
106563039817258733819
104575821310484598483
110631814029852772706
104448766590295257120
104626898488656342261
100324253274477438273
118175358038865980406
103145805595719456130
117348597427239540873
107626068753267217775
115028639157569901612
105494083254389676798
107263394557445541446
111260379328367804696
102534836656611346721
105484459748707759331
114168174305609179289
106929273223015337044
106562616087384328554
111868073983761926175
107601569137233156631
100596631872809243401
100888695720864362266
108272631593629920473
116580477103001272834
110404615500245541739
107012942517065180316
107884503259617723186
108379075677562598235
100898309147943776684
103459166489016191856
101852200455755979447
115623050965228893803
112812213738354608881
110615537712328360708
114529371273443966439
111194673422462858293
108506119827765810454
112013128071819072022
111809483399258048131
110405781307039759525
103419181866509656801
117427582209034999739
103389255820036992266
115635130579155991998
112241835010729553277
111753658595133473832
113453167681256213898
115574447584615505410
116639457302018655477
102346063371958926705
115207000182343917247
105602659673003660743
102047961679155221076
115519707860499604311
115029306779804050560
102698980349831976453
110266616381043527115
106832910304840451228
107212296606522689166
116220525110856958463
115464757525618263752
116447930756811931986
116467250574174824468
113384378468645669628
113216366128482077350
107572086363730112974
118363168625808346105
109279702018102700507
116847785371165032462
116904537669411958233
104253747919587146402
116202182188084274772
116492472760773182790
111969139396972948370
103027374228140148223
109113668769749647389
106737921025970583373
100017653718809528266
107732111710009153517
117807365449941818696
101491381648347103001
118352095265656369750
106789901068068291921
109074857816744029470
113169713749496726739
103463505993238518564
108848049002915977702
103327075961131305061
114360669302495150951
109238704776731884006
104656005855487330023
102001917076055571950
110215541188386709483
110737656957245182341
114919298295654194560
113893853149857269296
107509448838783518508
102504670802683205810
115650767042850974744
111723561998111076031
117370218499262820702
116825854038062108307
104183957779171380925
104252419213133850538
111387702204974376683
105370126884341689862
103355249333909678208
102130008117831022563
110986073624372376244
111180346845331176012
102148715888439595783
114105245600156442105
111618528226515477105
107299373802830060512
106845560816604147527
111113892655971759438
109827226232721590433
117036224459889979610
114229059433437200378
100531461447799739441
106947956909771063963
116200742158049680537
104216256136234236666
103423193630817673286
114082719448430107549
100838770307888853533
113093633753593341183
115363991001509258338
112566574327816327289
114577080435916567058
112925414131861279567
118182276819671870997
110890498812490682676
108705174211639807508
113686253941057080055
108894779805940659869
109193674823031718540
106698435963206338652
100938619255397146926
102354166627483346595
114573060328510500521
116962569222236871012
113917431948364021248
101692166648543727173
107983271593262395893
108267657361246882904
105213754392958332801
100846000065176269665
109135366770483791990
105665471538678987323
111467508717854650986
101269855343271572879
108652683918250669120
116851546260888372333
104863859643346885734
107418412962585934442
111786731748920755511
111625598175302443916
117826731803569547326
105767939202486022724
116848708872457731483
106265882824094519321
106880942427489096029
101813730179228067406
111250705012924454952
116349741115322217573
102514206282036166723
104748644283999416471
113309433092760058682
116599379538150125911
112379746821407615917
106380186266611718892
104312157168132097233
106830386040348782728
116991380728906096815
114411793735680610469
106847186645932757887
115505689369085985790
105991618663463284469
100350672377917090605
104096209630171102501
114498246654209570625
107346660272218650368
103130659537995939845
109334322397754615116
101246601531247561585
104064825981046467039
118151728728375570092
102808615021405660621
111646203865345303496
109159651519720561152
117293298299721238427
111789690027665711634
110847037001959950904
112149776048686493655
116165389386192157312
106040477329310075479
116698221021029918429
102114755467582703472
103821565574670172249
111682288655903295700
110949495347036326410
102812504221326265307
118084910704156020055
110412875961393603770
112346017444953663278
108673118134920596817
111552746222230617105
116416314233992548280
110318982509514011806
107460400955464713852
103840196447693905413
109581870574956225297
106552720667762384664
113917431948364021248
105726916981663967298
108666055662127507032
114755720969751376538
114910381283556506533
115973747857711039401
111427300593690130300
112820340010881942929
100830873704319407299
111888433298081258137
116389410331300820391
105411287328113838770
118433063782116141917
106922926891101889295
117495177397512176632
106338738650531910995
116386100572598391815
102225729446025827421
116000164621282856567
115109077044202722504
103716847685048716973
110804953626559077511
102906645951658302785
104432134312482616649
114728245424310221692
117352939710545212300
114046998698228319586
118141566739575068041
102344295024422039483
104420435384893250345
106407838158175571235
115544658437533802370
114074126238467553553
100872024222692110234
108412477077541505698
104543811989174059883
103036920352853350435
118031517764042257047
115090732201123964357
109601586338424037747
111878614301622240304
100340579581758843791
107601466108345042986
114072402329755044791
105076678694475690385
118227548810368513262
111164095920889813531
114435675631396141366
107459220492917008623
101164518439266610998
105956661266411189618
116497515893408415968
110263460160370936113
116274845430567398137
108715380386301849461
110964918579004751675
107357904018454806236
102490327476843607372
110603986327933944423
110649446288671329044
109224894222673743771
112593820206463247322
117599215501454796981
114784514936059149959
111566503164646157856
106532675134133523768
110335561166802949402
114875022944880667205
101594200046726115989
