106623060391456244252
115686712405727979216
114190048396389102837
105103598206321761937
114288177005200377179
113547220922034581473
100847781954266268736
104557029649987284182
103111068210152540482
107089514036281571062
106713412355381717473
112076717375774718701
106511914451504608735
103798511683618982687
104868919630527415886
113242141609929901380
110831883616223524088
107516222355797139475
113861846354577318112
102954838358164326757
101690793068852001937
105325351629001267666
102788785404466497160
111449509709424251583
104295720243171685272
110873166086906170758
101671544374022523856
103695938994600601723
115614791007645952267
114254505413473103158
112850930864062792229
111023027119027314281
109228819259832051824
107218251429180626486
115858216057082422484
105514036694514469237
104956582416489617108
103925217663556280353
115485914672935028499
115445578079177190228
104153928155828704641
108572278804483836256
112686060993743358946
110881909942831152704
103096155955275355483
115129952847909500622
115839959992690178349
103302654171029037654
113249839331415018088
116373330350577322432
100188557028585168265
109501436364165187027
102533732658641069172
101037504613481726969
112858740948658980527
113071653048526349376
106705872929716079112
107576634789822083040
103318669329991983430
117060883079936208561
104526344468878253411
109450906744731991579
115396603783597354328
109300780972604290061
101120939224878151166
100824466945106900538
106470707068468301080
106536417216525177487
108704940758694416179
102431483907640356724
116074739278144642541
101138224878685054321
114034680737391281729
101435881266585888986
112016344126851908847
116139693238669841202
101969579025737871617
104841288435708573076
105540167532547088371
115304185924146862238
111720214532380709118
115753542592100589426
102148715888439595783
106911516053578036629
116327990899995808092
107061295351806825788
115827172290796732904
106178774440192475482
103126976646232138313
109692492355710650597
113102266312543959273
102257103522920432968
110452421221171560507
100390469453090296920
110820722513343779339
107663162104800148543
102518495036320448123
114011568113865386101
117275647719155528221
108890581541396467533
101408106920665237877
106777581431569961458
103620803844520977696
111955676257805398117
116442771626483539109
108618723148075529707
117614595795453180241
109610428625976909949
114309417320790432432
113818127859578851260
105434578001742208593
112970368920994521139
102624284237963069652
106000799678148441824
110385785655078415993
113186706457750443001
100009040252477927909
110012563590291926066
106354670647038962722
102941851476275775994
100058570879670547497
104669125927579209468
103917632727119410040
116660938550755350628
104467950259380188521
111147757100259443270
105216491640488683417
105473622219622697310
109976855964442647145
100898479284904226409
111351017082007397609
101869954449217888195
102869737013753309754
114834785042849680025
117296284672092858203
116226252686812622977
109711853137771458272
111063939435871048911
108779418140729641470
100442549987241891767
109378910775577438850
107530822403255590361
105814251493585629616
105177580846315281812
106271544160339343906
113999208573078102528
111100038633909581292
111644633455163176414
102500560162655899996
108498326936894969252
118321154050442304599
102222722824849858928
115036800128360417384
102523863498129941392
103729298155391133062
108855200241623204226
106805799695778576876
113265941176819734982
117113253542742994284
104958884053517949086
114346338185820030009
108959516908471458211
113788629331119361034
111964524150209371952
111607466469497211011
115562644478025741247
116357318190270013340
110556226715792658997
103719529499012379214
114866274045753088784
102439726914422015520
102418666069916557683
113888207378510629903
114289176842203922962
118245802044937879577
102923147893327767382
107275806642956749985
110097167949323324728
117465476555941682843
113002258950097221799
105996244859856336095
102138898394022519138
104488509297269410525
109106175876839268337
104656194533097731929
109370444342812506770
104573099503533535864
112641727632895150852
106070729358996417761
105762645217042123198
103070953707242387955
110586322194155238713
111426100461791542136
116779558052775888962
106038571262103107500
108993456722095587913
105196975200455706197
118414849730900408446
114007455578942940720
100385678820712138467
107958599012052618167
106805990454587860339
109155036677853834072
103967667514606810296
107610548759870419000
110643844979474325601
101962792508916994903
103913755827040509760
111447579895606930239
109123992610229563606
106565841971994437416
105814618307681784542
113465105682914649661
107270901098993922727
102216942186970796659
102958163748487371210
107799960943178711135
104577307140540640977
117460879514949472181
106028410017583147781
111783592618753104256
113747110428699000162
114152538949725302326
110395796879690848044
112356078815945526746
109098274694576003751
102440249973652568489
102650561655114832408
101910981278379342209
112404112072332984784
105091089947321684269
114204564787960897500
110509053220059320022
112124229643292449810
111895630932173183191
105817501970794088220
101092403690611159231
100602894617008988176
113778339308112340575
111455261058370309568
100698738058287804694
106197817365011703656
117707329032687160784
112552044826923367458
109130347525239426181
116287324904822083205
103790788522157841180
117706195295066937013
111736006246190063349
105405308846137010667
102494381692331962072
118418436905562612953
116723923766489326849
118270448431930763629
104569571384241383193
109241308442082697460
113698262087157319552
110867007740944887152
109606177839176750415
106839366355967812058
106817266226899285408
104015522602165720700
117631049829042670647
110690346734021871267
115564816757017872678
103520188142324208941
102181190509085528867
114682421386787617690
118444970340607506940
117858696042822250777
112510833039333513518
104053305270043092182
105742316839259025321
112927013019720087847
118229007102560375426
109020195591985614832
108029440032077065451
110400489943346617509
113942194695013581888
110342027553419508692
105119518836513604692
113633541387292109240
107367105127142860872
112747121344514169847
111004456716145125101
112651278850260089928
101607128325815179675
111091595421133352447
100245397738549141596
112288313388409585068
118247028201032931621
111600591691082056989
106306231970826698750
107123957494369092467
112641394328842646162
110351495369456988400
107520957559897795918
103928518502423183045
114739771619523339442
105926904428603975527
112471890387110967375
107350123993418457380
101658673185885864140
104405061759526906078
102720991389623572574
115112425327513780166
110892494452803428344
109278663555282462593
113546021432922711243
108380180393712839855
101474712343833481528
102021650925048708192
109161812236007597088
114423271351930458622
110003977323521433076
104576544912498801160
103114703757788149640
115076507484233724062
113005655578217347769
113923069502541346394
113989340423276248884
103328426075691446892
112618645323493337638
102662829793527769720
106554308778990898499
101363327672273423546
108234902288937633174
103121945997068688354
115087934048348184516
100606077629358054516
110479072619452625479
113526461370086859203
101602737517859031699
106651062060290717659
101818217410955720020
115295104518181403350
108249459592412674563
101150685559872685056
104748832876137036334
111842403477774539746
105645998598980663071
117476807216559882451
105641979399810807852
116669567691621567907
101177440499731193354
105165776573994062079
104498820753831624444
106303628473417843361
104995268669542424327
115327120369996018158
108470782772821648496
101593852509126639587
112280959589663567586
114556710852958482626
107098607434688069746
105741335870093314788
107995662925478742472
107421556460162094401
115057898455923313620
115648442404572561557
113210583172490270989
101141417060067253816
100740501652829994269
116028636060869012583
114533748427134195504
109836795319093754867
111270784428640008880
104405150157388039667
108201559481290790469
112812200632141637207
116059649325070750271
115611929818578480622
104962756809993786645
103780639577129709993
100358062391134422998
114764567692252908296
101848219945430773919
112016099894503205673
108768238454879915042
103415318127564677815
117871682472329274241
110013910011276548878
110181819394262481379
109000294057666117395
100206270950428509082
105637261542035123265
101534140418860426671
109500276153507275766
103913221665849059811
109837205822416045250
107944077312444891762
103131708572007504232
112151981601218256664
105784601069069422457
105226037336842129596
110698611163983987789
116396179348112627004
107267705154803503686
112974682443306338934
104691156783793771051
104532166890386635349
112384233249429038897
107617466014078748111
116682516700751733918
103067351231201125855
115477542682024449726
104985092209787213796
109512526482802541373
108257389608897704494
110818985001610175790
114695346821000920700
115866795072712700085
118159540720091527461
117664144250316920378
104546742573293553778
110330537210425487321
107285580573288086943
102251306366058408397
101317907186831957084
101926125458863212481
105094002400213002186
112513731862688847903
102504013202649493031
117521789417458742226
102793259190084070098
108325294635167198943
106914622056861826817
107886669781772387248
100109900031015615694
109363346310733019799
111261242249137638754
105440811511363535586
110706686732518686175
105742694517569373937
116368408180284601955
105949309773474401100
109661119414237895235
104425518751974256792
102376884270941031544
106365861813691897203
111456735041014105502
108918976524287342220
110956686312867314992
100399599504079887161
103584621748712727656
113427894034096270587
113739743545241185516
113414961881356587844
117540379941849375178
104263912614363290643
110670553229757782344
116835115683433781758
111957478638559368409
115870696674476115501
113431120019953078628
105546993646139050151
112233097676631223934
110976692249176639695
111021019769683465367
104207641017241787556
106841579812382001104
101750213954199057566
108799630118617254888
117325270444312805748
105169734810172299227
101152563266507661808
103183636960322559985
107788404643604837310
111174387985313734373
104407727011117145636
101825542660068125742
108588965595052102094
107260875376510837334
103926937018465988423
117373636975925792917
111601729473858041964
117958363368979774542
114927902779162969094
103674153758873659683
100471233479234672923
107451363509584004446
105836458383146772971
114035875458653805384
111704491228638361103
117867565566251898997
101651188947361188126
116016107163461207051
101960934429811186850
105925447435338356297
116006921060630813993
116214990252234582092
109674349722617428940
102009431117696970926
105429167441051682640
102517233818015474797
104064986733033545797
111630768971094027236
107410781292380524894
102566747279786420165
113149755287358665989
107633685020049014865
106225237550328045057
114618043230336563405
107469150437649460641
109755833097852249194
105103598206321761937
103185164581586200667
116884011102521140364
111561983861136979061
115655526149031611704
106286269083787416265
114254220048556407553
110397354120178750957
109114006721331915431
118405367919976322648
109602753595073310176
102805607511793655517
104040074813038749262
100247858311746832435
117074578734250135144
103205518450121823554
110141832330401554325
115197344770863244964
108401198343754256586
111165448345947532131
100788982597156445194
112562940363384607989
111474406259561102151
102439672032251173760
111348367721689165446
116131244044857846351
116003727192703682571
105537447264336527922
109343341952064711869
112944532473909341307
103111303063225353969
103106207847472918616
100684520156134413592
106257825813641860347
115448532131051929693
100064098892948020967
118041706787274390449
118387449980795878356
103429741505147013797
109748769201051738868
116363000843859194821
114766550876224955237
112334692346050647021
110886510503252202314
102278497301743760718
107323726887023845557
111538009015644508967
116996006694315688027
100902110457232580928
106601601311888961517
116223724932123499697
113970574944454880725
100906126207048948592
105958318216873096898
108491349474941158228
100287735898155231563
116844255152366682148
103013381270566666273
112797789858425384154
105237508097942856833
108546286176326226426
107856841442712727918
104314528910779393048
116471989724511650567
117346339513241024567
108446919341160613749
104419808944073688920
101206887581749919539
104171073728014545908
114334824263270593047
105332545467741226979
108316670838828910396
112643716740116237079
101111725148957537937
114542752454519869265
106703584505799913797
116875408275062906194
108304395997056250007
110964860417968409945
117722322144044625395
102544498164367833120
104389166959706791178
110098063441716796075
105815475654270601252
111924467459431627508
100319480539939665465
107481975478679725467
103248212174517389286
112415876324679487711
102796452606279090956
118127874373799707983
114713255334534058255
104644541075467188359
113341450832851806016
109993501147514763890
113732407960988166259
100550181931645346870
114835571091163199334
107094234435671767966
111545804859114800239
109107245154147717722
113241347098224800642
112408648937674336682
114518922325311761918
104163519162792296117
114649487238284521593
107765505723994729710
103046492055558785357
106249119491857395059
108259713371821266411
110605499396448253882
101464060999444501729
100233348564975483778
109298376249953849249
114371115226068006323
115889065503291789210
110452502844488693053
111662338957663749044
102772967350331172165
108451954396949744603
