115584845914183643191
117935797319364093334
105885549344654836691
101491768729241379467
110529739612980739867
103612826875635067903
108368139411781588705
113783369817775775600
112573975252221039317
106916305903319870694
107735597617940643124
102141739237764758534
117749192957708055128
114371115226068006323
114870800187184268542
110599673180266393456
108034355068144618998
111712149648973836326
113892914405468742989
106997523394416979650
102807839167170573954
108480294291615578917
113119582329830344245
106407158210486704474
113435620258598206274
106225237550328045057
113796188089361585143
116161910032832174900
118445805176212888513
110051579768446909774
105657133882912333785
111169694196788122564
103800413200651661041
106110679572431322627
107624528182561793663
100029350454643734501
117478982986310142653
102803514879736424934
115418798760571168234
104656486400898255656
104565331594297106102
108969536095902169056
102796018423811083651
112632132175049327767
116046168756319747974
101174930036529649426
105132923652667119465
112000238165334278941
106407158210486704474
100789836935622889627
114857123387343568616
117517530173878258171
115859484610310659942
101109718823268162590
113555995971783009206
111579215429946812493
107627853281794014820
111721984563673479176
103524712919459728005
108675050848402907064
115908873798558518309
100585883533051133494
107082258313589931356
105699743161465351751
113513443528717272069
100241532108815628849
117036653503201645612
101967743378971064058
117907549392048660380
112159303114691796621
101344490456914164157
114831561811103643049
108673104640590872575
107674469308243693752
100631169327448953037
105716316100591540255
105238077608510388341
106495444580477719034
107890833589239925098
118289346671354395378
101096322838605097368
107815292101004635549
105847485071040788753
113260675206581847413
106638553716981687576
106322608404705755953
100481789688539637728
107748618327320189320
107900118287966550945
115714373821697764343
101539382607105836405
117178965294574756710
114043515831607140119
114997250639291761539
109327048548690220070
115826713273895459996
101127698731196939125
102927694173485628348
100352826579632804830
106417889196920937093
114236604403554541461
116671262078404323888
108076675731922659261
105951083208800607266
114061033090931555257
116836435102352225914
113956828298184977227
100794724551678861950
107399243715599955904
112983525934094406110
108791747186691942894
100564589296576209318
118169491456098268809
107352608495023605891
101418023829758239404
115703984042841731393
115358203611047867944
112681993765184568012
109948236662787539385
106225446277683305431
100357861686137963855
105802819460183321281
118085497628707622216
115465885825409094510
108153351836406894006
107055516552839039626
100051691779523403652
116539099250744373280
116264847300979377634
108468197216649382779
105405030578765825702
117540775020264806817
113622914447638190429
107272479729534236360
107951861458680551895
112994286427776356588
111404946152847557370
116017985804040890990
107560938884763716322
110044758530633108692
112619149871706293665
112238440091566012631
102597912960783179553
109313677304177564495
100949656997022710042
100453768239569044629
102257252973111735815
100539906014420892370
116649200029692648545
101828142399356755313
114755501433372289192
101090551011756179340
111056968160235318698
105166471185213617542
101267826756072644493
111598727222309076651
116222620682471729844
117457839081582511854
103418923964522313490
102178868406891011061
107880978412593964038
115120190487572082151
115185082420374327964
112573975252221039317
101090012158188283180
104963961924365803475
106861528572339857913
110921170737767335754
112024255439919819628
114255151011459388459
111490947263801542147
101712708863110904544
109996916414227897188
101397787216306411888
110309220800779910723
101269406201033489931
101276516947217339744
117975444026903699532
100278915777305613733
101453424246343792618
108717207091684451934
112631984024381153921
116644163326718606183
104026279298074982270
107895523893509634525
115884792005535443482
106417825156909520329
100322867768316235186
115252972248966560629
116330815757610849551
104486912510349677537
108380402755315012818
104760811310749394753
106824364746645944371
100513802970314706658
111125077692640669155
117518161638607756115
113271292523383281145
108093859691092957153
114794048421636431831
117500212198182258088
101182545669623567123
106853612107942827733
107070727278091110500
116727951144543307899
103385904452633529773
107173508623427971203
101994054446004924542
117792266020039586335
108083215254958126453
110933345253860101529
105401857763899107595
107230334037258505983
116200054580898569821
110140233983157416269
117655095173549625409
113339413559987286833
110082529124073905971
105720429427109145090
114639458632800741087
100445755492857183529
116741883861579076953
117978684167616975319
108508345584153814295
101827551094919673228
114097175863612924251
111346856452155684589
102334718579063421175
112374925965540306459
107995006595087056591
110012311170018261250
112250218986560056091
113473383357421830614
111392021004216805076
100570429235759844088
114547720093706267971
105458549094716558687
108738302921438473747
105793055318108013448
103381069387214036590
114136340908879366522
113921473752719970812
108736461751011849061
113299465717510656593
111683420770185890122
109304882314404780915
111884721401339946597
111892493622009279509
109862356810753799632
109813113216016530715
118439542052639634731
117650397002730100414
106427920272725169597
104849771033212826335
104601999673239094838
100770210933501885593
116482086628123122453
108365554837319546806
104588426583851169382
113614042548994705154
103326577723415695208
112095441236427757396
117031890071201185620
111437267640764390641
109149906581754844627
104256388168602655158
110981262745966898329
107494266376349955976
115348481945407670332
104126446737990478761
109457773976895825616
117590778988808807890
105342236027902397292
106662784892982227041
113843954115006380672
101235808528772355353
109372943089547963083
112447196126792881696
101622345283461883066
101470761933982554322
113839002859486664953
105426633743082705599
113885397999435725605
102743901778494879343
115085207456443616321
103632459594815474332
110427710618822944474
117924337383624158792
102234550986044267027
115840004577787825359
113954695933679005967
103593406291431193853
112103411314920181224
111775569569496624069
111753089719887585051
104173462181692517246
101434528305049262589
107614605490698581899
104850901181811092491
110891628232115811895
104984516469461796485
100367168819375721294
109728410571153350510
117058954562071545618
115905372637181739923
113605352631593032488
115028810716767002054
106829042288658663322
104733048712977477513
102784154898326559810
101976390547576160215
111335604564323298915
110925509287345587594
108796560817681187424
108569596675035380860
111971183223646849368
104632475089673639248
117549806731877560396
113785473666112138486
102360590467615424112
108906378937033188275
109763605339070941917
102078011079973408221
115542967942915632602
114870717391519778199
115761601363506612639
108582380062864553580
117753778653089741269
109303770076383582935
116652981751849377339
113636305293215029364
117602102926683996722
109461729393763123917
112306831182313614332
114116368278860152676
113320037192522647572
105346663667036881969
116604777697854895321
116995080550801630976
115783794965589110885
114123033785461182321
117702595191309871083
101115208247960968217
102974551045020140744
103131598728154733936
116072560452765549520
108093682343586184824
107708240013882300811
100879436529496110301
114383196622708567738
110898576815471291075
112612485896229259771
113650738446975533462
100649253302445256740
102283719101020193318
117681243966311043644
115599800236429009889
113946539174563582591
118284288386771558227
110939075657472242291
102566267438875308356
103473406126420108402
108580554150551134631
111435327648697885933
101542758067652622282
115513979953627409867
113523821280943722324
105033701145633484391
114791506344140326194
118348510826715473073
100336978651280082749
115902549038662145745
107848410490955826683
107339280874502665490
103337550418092563983
104166124217560670486
105063250068509271319
114687528162234096225
110014430364474527957
103573670957038785134
116082336670475380485
107993491867401349067
114403620868763522154
103221815155416451680
117598659443899851073
104985260083782974327
103030449132069928103
117479050103998839867
102792319344111376142
109803348513503209087
114543677748641811378
103132362516423676599
115693950939844915857
116667664706844922173
109200119215481401372
115699509290036426373
107072371824694462677
105539253870084820699
118069024686593830677
118291249693942853467
110212843279838603299
105817837187207456037
112226591395396570619
116311503018151566663
100905148936341064855
109871204703075625759
114294804944126254658
115789129281290743363
107063551026578472605
115764391709295283689
118388964782023037322
105468889442340168249
118076905062031271544
108300693763442202279
114555869037160662850
101534665991626979286
113343144634648369058
102818751239016153119
114050657221582749288
111727113968854587214
109212383672831165601
105735635752955875001
108635313691106767027
115200005749982060357
107643214502841671249
118346704123128328929
116119250189710925607
104730006540643263208
106092487728562764672
105431842295522624829
115874787842228202573
100369974898486786612
101536670833680994143
102276001334523769733
109636069866726981990
110346490399244540282
115039204753802038457
108674377532168050307
101104829247666174293
117417208608407816164
109249534519775475739
113496030028507983486
114234991558971189483
104737514861860014523
102803633751062420264
113532369163966141358
109045245033551694208
118399192404392336805
118317632630129021204
102774367440647586745
104127408853912104286
116645600354943395990
116527642554002684241
109974194239292102430
102770983540194004974
113935229482383067103
109161549993078096883
105814251493585629616
105384913311768965997
111189996156405552890
113750199742865738862
103366476197155630929
100394727398233816393
109160788268224284257
100024246230525332319
113672730265389209404
117510383818619438267
101119711450492710321
117905128496247319648
115632760448877590222
105202847555462145893
112899524871595478101
105422438335752495071
103210068756094299374
102870719760404675175
108200815345482727997
103897449105564161337
111697642630337325395
109347759072664119822
106160833717133418469
117171115525756797677
113073665360898216697
101550674368737938282
105292819622898480826
102499246966641420926
100511073895983981337
104429405017302868613
109529732840824610238
115190108421182682401
114018403919545744333
113491942280394258111
102048688491317144878
107464997563767468960
116732460025371232956
109223284846214158277
110696907452807740358
101354247381845534126
116572341935310998708
108932183837289196554
115262152743501766974
100366695521223985925
111164401852334880642
103187107925617988459
103946523242817167774
112722898655784977779
117805159820609707760
102852661644143820828
113990453804978522592
100543926403936709353
112872473531794388445
100467435682211168507
112018801629872709157
111804312677411079382
104830115848425586817
105125365640736424982
106489265397213305830
100704012083645433455
104185514988444807062
100066999533379320305
103076388567175648178
100501298779753912689
105627252778270717167
106287098060317951457
105871734019859480609
112191212266049685177
107910828412747493541
112628150857776564883
115480310936185763639
116744812192535694584
105335156764637109970
110632390799665465417
100085906359120900849
117665695134044488954
106744875547652228832
101545372613826971221
106568820506257637297
114996563070709041496
100118632407567147259
100656148577455353288
108126749019138695705
117370882213320308849
116368339759514328198
117902041563345152113
100477825776653134222
110531921436523310985
102377314290544249314
102346341554398524975
100865352658102178380
101713334056435891507
104938071443407816205
109653178371807724268
101038076459904201876
108382609319623269059
113459242443031137262
108513270598709292011
115194258906591156437
107219430233856542092
113651268160002689960
103303465083525191394
100636190875662151665
100558455826917621503
111939986813234010971
110601095125551232113
110780679349558692494
105837596959927027832
109891633099891268876
104888013376378332209
115945482225043959037
107207332750941399703
111155337284641800581
113116081763741456823
100557319639187976989
101496045121141866759
118142339690570498366
115261574299363748890
104761602082790242480
118334051006252049934
110033475825794661243
117156053004674263728
104909144433751521217
107993409006232959480
113752103512518797790
114657694254798768162
100515458739770990632
113887655124389546125
115163182722183051835
102000491734541078356
113804674583368292233
102799583060707695295
102163180741060975806
110376499065488599190
116952358623433272757
100160137402436658084
100160356347850683444
116331428688680520007
114670061776185607136
114443089598307484458
112018801629872709157
116065343347456979328
102727474407168366979
110054944436884567109
104619747503393735851
108097168863179836693
111206573985571880035
116780381051675513065
116422773158129145495
110827829944710644857
110712161595572718427
113387448313052291161
102127968177110100693
102319289498898048865
111104662579349188922
107457821491469335555
114835117785912604744
116531468120208380349
110057687691486053054
105135023730525754515
102550939011914482302
117239036040824602225
102786900144989056161
106866230190242670349
101186220030585061612
100197573651220233419
100248994746343354512
103661626411068691443
100730322098403304221
109747073662917496726
111325749515995976939
104773915029995953741
113151069937726791712
102747636897314556819
106420498344329671587
113394244731245859922
105792427196693261443
105422438335752495071
106537810172954900431
109868592982899752664
100499737432938958811
110279751466212358791
110380006971960481222
114976930537114149440
118179787332249375192
109133243522298087094
101817164422246359399
101275022465919287381
115811561050923650845
113595823895650858643
100520930991028766575
102937768722128407731
106256969726692440766
102119084236174068264
105637293618598027400
115023338901292822064
111452190796236639144
110831811887860085681
105915365030376337875
109964574888766891810
116222252433204315983
110665904426708124294
110656711945944605590
107305801995814190883
108554714320685328507
107519685054875285777
113715023834838357396
111572352889447764619
117197327722923763268
108153803203911063542
105460140964138701369
111301478712199261748
112888096775862293935
108651077906369666280
105827236800073974636
104737514861860014523
112005977515665255793
100500305330294205850
107424025171034087534
113435551509774300695
107361043702361970320
104814690820157873470
113803999059172221665
106849120743738521516
105469066187177689765
101685479646831081313
114467950815016623798
102835607526305678665
105815137023981122620
118234394863051327974
105774051261093204144
111908920189319132843
104610717198771106218
109231869517473246828
110483699275209228575
101733602548274176930
110820166351122810322
109584754958869383208
101022646825231352228
103139910809395825040
110034296745879855882
106263731880026907470
104918113721419570187
112382415869851407414
103827495996138556572
102386250212617344639
102977386945369461545
108568795862752088552
117906226299865839391
117061039303568760398
112764488563643161224
102082795397690991342
108237668405157536320
113171461581602262742
100237860381146464551
117862013792578279349
113851715009564621241
104165057487671030212
108315435178964241896
111482095097419480299
106647579546552520514
113062103211610166688
100423183882871333111
117532747442855805402
105400410786763592969
102540448911094162807
113994147027593947539
116622977560705955558
115132759088093329854
111672213320663226648
108159920487426481642
116687812687620604978
110562520705531403945
106684645512255540728
108577796246891294935
114214873326716170461
102792319344111376142
110253293044803739206
118309815951133613648
114629120316628954651
115737086320170362912
111448554576914251711
109250372881394496935
106305543590988291104
114034252568907452133
110918475437019277885
104882952520347301749
112027407375648844762
102033755125952169924
105103549262637684688
105768670930723466107
117330480723293936780
102587682042093924209
117168509187848497030
103514008771590399407
112342611524356664246
111413437904120448988
110020121863661766835
106790276954490955940
115944758291694874239
108726873914094958532
105995191949514124986
111518994038022534760
114340045113409778807
107554377242196096139
104885947618934208461
105327081310360353311
110847446310128274488
115453035043374031202
112123109354747391030
114253306058596674445
109167421137198078098
111576117752739896172
113179393570497699759
112415372959729272883
116587357720899884636
103772073178189536357
115758101583127150913
108445928731714383148
102119211990290510563
104979639666486450326
106591338128584440894
104209854171531345994
108468197216649382779
117993768107737831670
115358655925328813952
102344767532829268492
108155169802294196839
116683206175239852076
116072560452765549520
105321079308044774259
100349176264312547388
105949650713672569464
114383196622708567738
104608689587666421037
113571845935291418324
117668703349515914448
114749211688044226393
116911187365753201274
117749086707482362829
118052587190729767769
106358060872354631648
107833866104459446313
104990201118070984851
114935088009338314066
105295777605892684516
106811031187255891140
106805539301016248683
105261839659957193639
107356558594509003800
104287815918448859049
103877634945494336845
109891633099891268876
110274672526518314985
107464256455025728032
112526245167092600679
117561304105590757095
100414865119409098982
103777919082369280611
105867729307575870039
102414117688090290908
103510578571785771937
108969437477541881778
100067866335339402185
112424643770788075716
101281705838352667565
117273136397430560721
101719423896043377269
106545388800257341911
104792450024518550569
104407753084606890482
104451374891184995315
118186376149128229425
116433357153753703758
115468036415652751221
113978791346110818176
116830337245680156910
100349176264312547388
107043074216220320056
114383196622708567738
110932858097595592596
108806963901093478922
116246783645621877562
106400685166500237168
115827266750694401580
106134908913082131199
106772323535475182149
113706301117451780717
105232457300095210093
117892975813480521151
100213010249457855046
110412567252844502429
114913750085627606317
112031000058731765749
101157854606139706613
101103052532439544957
112252724345398434296
100439596227271073079
111994786213065362878
113408033903927678562
108978243630953491794
104184989605017596718
108636791366296671696
115654737412040028054
116977064687531834152
116114159994062881834
103810856808017632689
105456596627786430232
106464404135210965880
112032550373505475629
107426281697319860842
101508910510351235178
111397857177712683635
104360176204089605629
102007443515721017078
115134622867639771179
117085944093322996451
108053745173452709116
112311470127292513285
117170368991747935032
111907573931354559417
111344595064178215880
115580927005485688524
105580876909584576862
113630977439786643722
114175506136437522681
113964483115659529496
103309688157705371569
100360059781996681980
101218000217136960913
110005758460275168917
104826057713907936680
114053974843618476127
104994708766903093542
113009153705727678933
110125890107416232054
115006156104522009069
105884457812753741768
115676999115597874466
112176540612738894645
103148607159396735524
111850214756115424808
101537356159371545604
103618543375127073102
100081688755411201393
113627537744773989447
112919681608695175737
101503851319624307351
116129056722903896057
108860090970643329448
115261429332045386404
106603973987446599957
100264691937189011449
113394244731245859922
111523640983336860981
106608861622560969310
104108850245481172625
104575966269120345050
100694146145829459848
102478384118845790785
118019689519232692976
114293820126009626480
110004699362814577054
106921113151951115152
105498021530892336467
101286823463070327642
110563361468749954797
114695024873000567879
111826610705069040466
103051421661953778407
110014638239718625423
114963985160304926004
101183422412018195692
110548255467749514773
108368635578307419309
107903960253925680580
107156633464786221662
108676611826083527471
118359040241361033291
112735778092864419421
101547077362904530503
110699612754984253657
118166478524348724113
115961392339393610062
108451564443924342218
114113571684518975443
117038287551361672754
102503631570713399280
113705050854143554368
108557296653436606418
101255839605973203335
105760714095808134415
104834649218205476472
113634326651958302613
108764785077878528692
109470250007040055845
106195548719392287378
108955495279695258592
102157927843935282246
109586872180612974788
108820312955635021051
107145616493948270344
114545165919039395532
100746005944902875112
101191420459621921830
106872286807187778657
105211786218355802967
104471176743027900277
114948889201764341744
114480893248790239714
105129856867368866647
112797993509199524653
103651545541665078199
118076923778048796375
109576224395232993934
111639335790616824920
101642559632498138654
112401372023872381848
113082126848885774249
112055757278778866271
112167537071236360448
114489931902706901983
116859625890573177133
109571451390620505902
111010748980021192106
104025493310459510307
104244922889833954627
115681622090284312863
110576446497234489162
113553419023971072762
111534229391044443891
111921611288342315352
103780687765691413866
100082656214326434783
117126765342489006606
107936680178552256916
116410740977023174159
115376374099287434216
100814846886997855837
108092686717864156120
115907479188218907190
106692611233707318487
118033052409466320955
116988351660148062102
103809839833065657064
117701900445056870731
105608957898854658313
108519086779168407726
113303880226562324348
116257330170195157410
104910897661011123464
114734056910629715696
102984263600227371541
116474806997534996103
108244238476843875061
114780540755589125613
111642369685941658371
106179723916586173831
104599519102251045718
110303430351681636622
109633491623465457143
105763733281710832350
102210742505078937340
104527678221028239613
111884721401339946597
104020082003172014602
102819973726745531641
115233041949902947973
107004843925454095805
114721542058009724788
103719067712188912978
117693415411676715849
114216085593798082007
109448291664153024296
114896892290324391860
118260510354810889470
114381279582293360812
100887466968496249230
109408504155689499830
110262627288095852323
103485675331488817205
102653611009296994040
108914748660749767274
116503537746132132054
112419834910578479705
107375240048089354462
112164083992432474687
105297477957946180215
109831895879052965401
106753475897430779213
115499429538579548475
108448827628258614242
111198850095822969556
115251911086795834520
116631329713205553508
100371967013117528205
115910655628119960717
102138898394022519138
106505039693174896099
115059435291325480262
117934938442572158791
104431249544190106203
111648461872213896450
100995278852029098873
105219408990477867053
109493671832462311385
100014157488194934547
108389326449700114211
112983981328696202223
116118907548324923124
100731325137312575448
115590852651354589860
103218209259241103549
116931467928401182791
116845670726465598184
106869061662664565741
101603616220389651811
114639818709876099924
104953398131149738549
104841912068205078599
104066026544973342878
113299575681725174317
107982770329222256816
108485246390301867553
110131716592073184004
110010148372490086033
103434487080219673561
106785365987096086741
116646914326078285402
113614042548994705154
117629864889755680645
104938275395746102196
110546892580478903011
115821720135999873038
116791478550912293068
113474691105974968462
111713663384894136416
103961288551091243102
112325245423120161982
108298370643465477587
102318504630170834635
111886853072114925202
117340157899955018091
106316238217558806071
104753367110949650799
112169016409231596658
106489152382186801004
107207036779440960937
111481846641784422954
114841125519179294454
117488780322395317804
108261846347512316596
105178373346357610787
109685240022804463636
108434915855220460784
102399522426269737563
113898548004570122395
107013426879067128305
115059041587199154899
113241662685451306126
104422392655638687829
108176026065537795488
115170266408572930428
102494893687591349543
115017983135220370373
101275397412765376966
109302888928797539634
111968411857956994582
110378953230340021029
103326842059605484472
100365917800462850552
105437790771819311456
115131827498452110517
103384716747781572400
112944631032067400200
115781322037607679344
101060777721831724347
100354875183447600782
110299067162161950826
101153716980344029959
118436783643088208942
105934690924277214671
115053558401892772656
108689458316264962499
115394164658754161178
117093319568515699773
100162509484382200501
110527518792236249311
112248733489578960670
104983444279516327901
109843333381273509982
108002680287184099362
101179823766609675904
100777232797421990877
101592357228683316929
109908969943721464895
104594155170280745414
106836545009068405661
100442549987241891767
115263855272510647639
102932098175294133466
107289832200430892237
116076241467119139985
115593554893186790407
112979788990112468694
115937423841734282363
113948535062747428170
105604976095710389822
108585794524433772350
105494547134890777344
114109360348357778109
101019358873164548718
116246238245680094613
102135138520745180734
103601539767501573321
116341890046983221943
107241264353134247542
110610303819583140768
116988351660148062102
112678886363980943840
109865168159876477598
116886129421619920918
108848080038126852361
117505386568469843648
114272928565724226557
117938458595185099521
118181387677125705274
108569410921883964685
102514736822769906327
101351523889948433100
116248427808594575520
107344352069667885976
112663571485022704285
109741877493553860428
110970620678464982702
107902127951473433628
115530820225629719718
105199662570405897744
101612614137733306918
107486584458506792643
113516499334223174005
113552994786532025953
114968442001537550071
105512050906960444324
103969382775087052076
114028657022852228918
113506058863412001691
106210949096339611263
101186071930679790960
111031088374271324257
111938293847132793097
104816218264822479742
105782936902328848362
103779258481136684887
101479412816617480504
110853217521723738031
105332912967774720986
106341496381981753793
102087806210422297952
116973885036656432045
106038826548642824022
106755548507423084732
102291835965130378165
109365928169386121540
111160896271293495121
105056881451384259892
117305813335572601107
107978736250861157783
109279407741322233569
109027730349399540015
106627340194206096685
115469093895221792737
116747670313592769338
114162744943007959991
103210170310779843743
117000317673044188649
113023842729468265581
101127698731196939125
104355895675751080702
105070394009228269948
117101057532708010810
112322021682964514811
117840997480864397442
116836988254554356487
111830568153846430332
100153379829475373976
106512374353506048445
112672802001471112467
104700981405702465292
111146923584266361700
113677303095364808631
105673524785544657574
104062099932161880220
111826610705069040466
103051421661953778407
110014638239718625423
114963985160304926004
101183422412018195692
110548255467749514773
108368635578307419309
107903960253925680580
107156633464786221662
108676611826083527471
118359040241361033291
112735778092864419421
101547077362904530503
110699612754984253657
118166478524348724113
115961392339393610062
108451564443924342218
114113571684518975443
117038287551361672754
102503631570713399280
113705050854143554368
108557296653436606418
101255839605973203335
105760714095808134415
104834649218205476472
115084190270180891028
107607380793165582339
102222249763757773703
112564547353733630870
105379170385394228472
112035517023724006847
111165400112298308745
101969711562328014729
101131237033234627818
115414485737026611922
101032944899265955159
118314738852771580780
112060848926004162677
113148476679388518992
106893897257511690945
109059319876724827428
101516777021344225497
109482938671656470509
107839124274494589602
101958712167040328961
110073317956783717735
105287286213447573500
114146070689704605952
116694330420309927345
111491336797909684163
104987678724051308649
111847809283684948912
100467435682211168507
113141651705007090186
105849592911662199108
115517184921230763668
105615809693580470337
100600757944020840677
110289879719360386806
114430886569801246385
116767345614926848956
115079406430974380172
108801639008109605365
104898587305394183349
113294576477288434650
111428639643854482848
101629197218525853992
107029174828438113046
118241332308755623647
101064915792937133838
109625260583914955233
117283832219953549166
109608141559947944385
102054435386166032198
105826066630064612597
114142342968774552647
116358482624154197444
106556780541723475161
104949367123760904345
118393006604236899438
115547507245233903527
107952414223410554051
112447196126792881696
115420447047316565629
115608695404188552704
105119971660967792306
106564627072162282262
104794798508710713334
115236407053098666812
117696567675821063885
111024821105755115471
114946430318480145188
107560362738521445504
117228183027776789899
111559160350662615321
106199928995503900921
113037065511969479231
109642592745673461960
116139048731113622167
101487353660454500719
101443032616581166067
113259748254493076211
115037903820646673550
110444587901157770883
118394779019764136038
117587995505124458333
115793427157230211114
106776544345660832699
102175570268182618990
104013835962992611989
115485800629943704314
112882685412013645727
107769355698799433898
113185154387058349099
117059268443832596865
101432888945539609589
109451797729562526512
116247956502022416291
111617352425905625206
100632329451998502906
101485157529534603864
109573300465110779572
107298631085502591609
107866418696099917904
117541810501729025928
102442872911930374071
115887485535026360957
109546455581169998395
105240502979790906846
109722571975900775093
114705347917373407485
111089649399864992840
112590156611730454107
113918318383947594297
108517558980148150657
106631125286077258576
112609942379541927702
105924556752185957529
112341214447057754011
114505049587975609429
100444416988540058785
107480542308186841433
101428681341094232756
115783794965589110885
116442823583339804028
104199852243017713884
114477415603389986970
113757702064432039117
103089821618980320268
109477685566631136126
102322076223129126470
101269406201033489931
106644525157488890437
115480310936185763639
100794768046127903719
106556473625168883959
109030906708026124807
117764347305314006124
110393828397384506751
107265683755910130441
110873348917592797057
108352610045020751626
101077188173151655032
101902794673583761878
109250315100964668969
100006235119530144168
101886212769632173836
115096704522347998034
102112839772263488453
113095886460372538712
113647973554207962999
112581926049205366241
101914102231801446269
103238642840490578813
113163196567707945671
100978712768490992971
101600410893426272559
116182301836564293523
109031126271557253022
103076680787709821121
104184058125336279108
111926240462338939378
107555888777261935199
105555995927923051401
108256365682513785207
109213416992599816126
100321134998782989373
114622354173244523829
102993339798771575865
113793758894421323690
114003181378162794978
102301276453521740522
108423572132488002039
106383147570881643931
117534008140170831687
100892416233475184169
101834143175187863073
116354636941382950249
108993684077063542898
111967171684839788580
100682340079263978588
106075457338556403251
101052027707849200777
107487107949840008940
110546892580478903011
117753847852246731555
107673424659211452309
111914117946470350642
107486584458506792643
113559814410533158093
112822550153615136657
113788427769795460602
100511888865676289565
114750848813960681040
118077670148778001004
116508041642849462576
101812342362968823799
114942941406397784541
100204764089211927735
108576257545314312293
116533474340434248793
106927472601465898204
116407432141794274735
117831674807870475369
105861695662913097502
113418260310413641165
111058949532759647909
101600239937919046453
117894830662946357424
110864537126289900077
108658720165398144692
111239183300111180662
110290502656198147265
104855756880242740882
116798863015149561780
100693892817812126014
100732871116898840643
117561304105590757095
101149101308025980333
113193939975215560098
113168966937690861321
108094905026717356884
109021032161029217145
113179939929578823520
108882040319474790977
109202852872915680303
102096549661397124975
115469514248648360617
114967381603605699541
114813936494952538566
116618003591905607912
113790531535824489903
104601511846967401036
109611414487031145859
114126055336302165217
104133816000073146595
101586728278148851113
110500279476390816256
115916023314857474231
111533643110395761455
103011469634442699356
102206297253643506807
116335577181953385665
102047215849763823209
103039635725405170828
113464875648171874552
113495587509911801295
113815015582534771129
109887068721018475307
117125486932807152571
116882427448343168797
115817797877680011431
107337890274921783855
104438842300292267895
115407682309596178851
115768857024884964001
104076639252120808758
107851604628703775280
106931086970750244268
110291618666502619453
110665904426708124294
102967551993982874230
114348358180746273628
115204697294341540458
116845091176530198620
103273924504667246696
114016264654711893949
116870114693540780228
101709167431969565788
102781806241952042302
118411787828689635548
108013417889075475017
108277833989084071572
109429205086806455154
110595951830025738710
118158019407125404236
111275567084660578061
111353726523522735344
105078615585571927751
105992557019829340903
110535245129264770451
115625323766216250870
116966073468464647500
100557335714008382897
109520312259202948093
109946592357859650466
107540433020393958763
118211364143354601682
114287471805757857958
111596128602441712697
106513810144239866739
110814895987489549417
116200176473328750325
107722112266563895808
108120659062030581664
106657183333129888303
114951052927330751170
103407944670277572276
117267295085036614055
101628741180083861614
101157511713681301951
100987739855196132219
111465070394786359714
104686707337675014859
104887663523406226058
110144037415304926078
104363711826375050238
111679971017841993920
100460878045763339908
112468814014888104485
104044244449209776385
107274366423447097645
115630926578871758383
109468163383920782973
101739122022951751491
110785947336358858261
113699548572642811059
102081597054252814547
110109425350889390749
101206242694441735872
109886013888155845006
105276101539901177580
118028013757536508167
101544646299572356349
104409880985486490497
102908451493667151848
110066987755710485329
116209847119556911188
116830669070516623116
106004273140586117209
116358482624154197444
101481010206913420999
101450605162341637817
111356779683533276186
103158151619932163251
117926786231765219652
107767064764036776977
114245522867786849572
104431282318711103073
112663571485022704285
114482733717134839364
103936608717712774762
117016724309318638362
101959221660019563419
118282291014209246863
103476947401822531385
101685875131732881831
101644013152839689678
104286962752255423480
102557223857519880755
101307754854038958372
106146961298034593017
111201170532879389702
117749086707482362829
116575083343972586533
114102242594011647927
108048643098152588717
115930070639079941525
100951999761614997462
103754517075632857677
102054030601151729198
109065312886436547258
118221649163540554989
110480695522271115757
113209529149140406534
110669653249617347788
106239517665361029080
103759651261635996315
116322251439373138781
106712994943487617102
109978614924076824925
110755668169058019902
116591470655906519025
103659809344549208496
105273372547712922880
100679879632441075790
102195908454228551140
118362577547033325149
115982690270978652662
113937842120117797504
103877035355717453376
113017946148100565487
106785871009904472268
115851747493463477539
106982445800924503159
104807158131859915013
104495827967819066082
105136676490688176416
107062943399096402364
106852079800548302228
112786125626897413238
110041873096742351714
116819391894133470262
107359409824645318824
102141739237764758534
103067076143782297008
106017066607888840172
109214403693433753062
118184884716633436770
115602529570827630564
115739455400556202525
101294653425149019968
109320963149457344390
113169825620072821975
107834319705651709516
113822236762566681255
103897449105564161337
105261736700306348363
110548761501045207680
109932688184612625664
116088939182798546586
109538411385577160529
109164708328633720371
117037771095084744543
118175568593010259313
113407985212666731019
105698723487296580333
101445075030489430600
112343565445930870753
108564775745102090173
107949571376348035027
111394312265994623611
109919814503492758429
115742506102214854478
105370673534668692348
114277259875749144643
107072544443871780481
100788676259540257090
105304963187241995330
108283840575512309680
117380487359344039293
107498551973438521478
116058949483395396480
114526969847725545634
118212622476792011460
113228035268287198636
108092111266891679709
109713193660381761325
113663585789487941032
116602476910032754328
104015617065950435286
117560744578353879889
101429594477235752309
111712016502796245463
101425378771299824763
101349750044851569882
107137065169789250186
101096634362413571417
112760906239081764433
107156567267252937159
117108828011875203128
104336361591557613664
118278457279040134164
117048276395488256951
110607601424931688927
107686243550350307763
116051248575768996377
112844691324174989126
103507041778961513108
108651077906369666280
106710114435398716039
112525222237783179910
111492171346663790789
113137229413675409065
108757059785228952668
100501309179204185308
112478591425417785669
101636921919985969000
114884949208288072205
101628741180083861614
100687322437269883933
102159990711669150417
113522876684449953173
105122275311878416853
116209208518081444098
100277213827225556074
105977662731092164885
101888179699664189050
116769909534267220744
105484440594875687788
117078683766767369032
115604348708138178965
106095845091961338863
102364092980570630737
110633508930409242464
104123539322844798114
110339054289355973823
113892914405468742989
117162398771602190487
102769690250366080016
103145232243539769118
109706044978482374897
101982169071054973960
109587039792360902417
109528054052924136741
101396186143219118435
105370055716555731273
107492253954062113615
118179535956195595072
112751695509827859570
102329214036419820933
100354931135261488880
110446477501294077173
117056051354935653517
110122541959248028435
102552880543713181525
115523621330461220871
116861720994443252466
113400582985016303364
110713216512985045226
115983767874568601780
104759016560181099166
114632570183548284589
101892022372713297662
109385763455182483298
103191725353407462922
104550515174535232046
111808835660198609336
110669899891977939118
108644791119861225591
101219831274737029113
110018705121449884272
107574052592152864284
110346711434461207804
110589257101528396544
110886898778854423234
110372878227279816669
103019875890352043744
102186273299635668753
109204824635965599250
116905430712138507843
110917916180258498081
104237960169345636339
116712816849073893615
110330861491139843945
104007719987320652769
111358759110587962482
108516023992480524194
105198837466762147542
113842822163097504095
109528017738097187607
117639307432433554625
104221634390111541808
114234991558971189483
113672044871294995280
111434581320616905544
103538477230966633576
115358100007064637136
107166254439433347853
107553787349762998107
116438651512745427288
113217957582425247765
115850847025889658779
104871466414744852986
101115391620892644695
114189512028626260901
113114039936509028233
108760161879462558148
118306753633433321259
114957029125825956017
117989605151295339725
100759321404348115059
114651452088658486807
106846183327953233863
101832778342952059428
116096279524472479537
116275328534512570987
110263730571420800676
105845898095138033029
112698489846257063665
113960054445488164580
106158889617277795466
116101023262312354326
111311829146000358177
117840477535383442137
114990737391165478505
104948585226638415498
110452656160873491208
100193987974201037463
113549160056697000458
113417620917228389425
108468197216649382779
106926193088873393530
101387273322961062771
102583406711664313601
116463583554833660742
106942647731404713031
115164670489706012881
113427911862822276852
113611578156603184947
102942362865691732951
118120669214207304940
116763039724361689953
109356488377828280569
109004455890814298696
104232227273344795375
115096446386605369099
110515375851519385678
103643392904579064797
116213239463667421383
106339543287698024221
112991907627684081837
109796180693632157035
113166400022972558895
108357906963304450930
114134834346472219368
100675937989132484697
109161549993078096883
103315140095205886697
110270077197341480928
108708023751168038291
115345196808548870115
108696413511057383263
110650056210736093301
114596796914841849400
114887989123614623815
108868099953655475389
104677123133159725626
110782365998348625153
106144448076757307785
105131570812781405918
103919278158706693839
111525329054886747265
113452831625779447411
108582664457219405296
113675454061248450102
111375362727188638161
102850908224898611628
117922799584889940497
110738576256987737077
110212843279838603299
105817837187207456037
112226591395396570619
116311503018151566663
100905148936341064855
109871204703075625759
114294804944126254658
115789129281290743363
107063551026578472605
115764391709295283689
118388964782023037322
105468889442340168249
118076905062031271544
108300693763442202279
114555869037160662850
101534665991626979286
113343144634648369058
102818751239016153119
114050657221582749288
111727113968854587214
109212383672831165601
105735635752955875001
108635313691106767027
115200005749982060357
107643214502841671249
111459996814853134928
108083680799241524948
104700304620983553940
100750509007058325754
101115966790751553436
116701338967836851790
108088206348125282292
105763733281710832350
102492354808444877334
109709912813275569939
105925948003855301808
112784389273093773751
109893830147186001122
113830102122647819086
109143209746421315761
113801321130639276037
118238504135832846682
113065853505278976926
113271560141150596694
111213942628800757047
107643025093578232277
102595003590507855817
109082446611588666396
112033357008916164217
101479160320881985677
108255121787158995006
107448805506182346590
113714428068566711664
104423634081365897250
113013953656072614507
111446501264644861427
116711009589121320917
117910026527272770597
106764778124327643091
100456063410179811025
110110877508071365863
116860638371403168572
116223119975293116809
108907930545097732900
102779088714196744119
108608534842375166150
101923316661940558020
108136679506462645849
110952733911344578630
116664187295188790530
105525125419210646590
116541828827893992100
100256504249272263135
113655158057964659969
118332897609423231673
111229777503093164110
111668770549438398658
108504305413087800228
104300099619062101436
104861993893123641766
110672731643950679579
100453710005876480837
110051569103924966879
107413019398996069119
108247928520048651574
112578946235830003233
112725913610002520619
105324723695127830336
106871849672461653594
106326623419683768758
118104273584192439097
111707405729123183386
105564909976676168078
116033265121795304239
104639980276868394859
102595523569926378562
101005925535013895474
102311633606305196929
111003133646533584262
111628715316668676583
115887485535026360957
118320412978689525682
100648305063540979601
111507167675506654160
112570973664138086849
101926393571525289625
104508292565416807538
117055910426303401972
113150135945277322433
116690718742723555066
106414391702539594905
102187920309631217477
115472579726955626669
118031389724012930652
100111923321867676948
108059867683831645726
105769417860473387362
116226473232616915361
100560715393256092193
107554827268496908277
105950556273679990443
101878722661364191756
106862857263752382326
109144026101995209788
101307147911655518433
114056801001482211854
116698810424679123563
106442008715383566833
108406098031980822566
112032550373505475629
106793977142118636119
103336363081878162295
100728335477538299188
113174293490333113347
101278942070201268797
107747141723312431711
114016704797379357526
114607270828216556740
111428639643854482848
104934606845364041234
106267854905828658859
115857288009801884274
117803448004195163952
102911761888617569869
110328817960222074074
104641757865954156791
114435034718965278713
106015003706268600915
113968886971798268261
100730323482794585186
112571304693590492353
102316088374251961541
100569208959770686259
110817396831511478388
115929431738218283361
106404675778986058413
114265685585914109771
108475678664962523580
107704117774098670379
104859220240216652635
103521014462760894634
114269496941055308021
112991994547054102946
104749682877289009420
105051299782916369221
100347421176645434508
111419962959035387983
106227645993938670369
114791675438286520272
111719249684372561607
109228254768283836480
110302342228487101383
116683362036805585952
100438951871018303996
109060210026555107281
105678446485211703758
100962668451278486077
116853727031665232345
116876486149433030040
110040811816127743291
106880604737082030879
108644712920454049250
113705531723612008484
108928230982691134233
102425801522186204340
102748208451324848591
101564330656079995690
100727474446206521404
113627032465938517156
112464955014220846933
104857977696218193386
101531960743206102639
115001587394391643920
105610181919510363536
109897477819878647431
109884540615754438494
101498361798070715301
116834038360137645006
112335323518623238755
108568036114947098368
117389642630537414861
105267806989141326016
104600905093158724718
114819575639630478819
104622166729738232606
105632049122504405193
111058415067153722305
116714614814301123578
106036111914803748746
114155333368184493042
113890867887800544558
114708821813445581614
108932369211903792872
113630956656791022806
101897965280179966080
117295820640368606785
104228285301905239298
105249918570783350528
106422833542680070336
106369034209767773761
105002610826268852758
114232438156010867661
116185252660335501159
107001278061929913827
117002444395815558072
109366300014961315115
105765118390560426587
103099019484424951885
116466161982613583049
115044965607633942527
113512629065291310997
105390332250691161542
106044957008685149323
112914487732860252446
109530504863148930681
103678826394176638007
108296014177301514535
112670981909111055518
111189615369342990820
103497457492941705089
104183360217991954855
103191786655084554497
112759864507581722918
100075996880979271695
100542085440732248951
100651804769515630730
104353774113559509327
105596477278074954230
105352452567210087864
111969882785058888642
116110911701688383720
102672766600955175454
118309815951133613648
109758770858861015850
105825136929297322151
111978053315470203526
116437583009464548944
106316795497668236999
109814735560022819834
109194987401772402436
111576694185727602380
109896507287439075887
101081313406606551294
105116204359638847245
100601642925434033697
100123286433361356633
117577093829792027803
112550237245767820056
112056016790870726793
117249306364934242431
107763455566392596930
115546384474952882970
117927405679597945404
101187917158205484433
108073541137010310737
117138981099955226243
114174759228266809280
106008724355840108792
102206297253643506807
108674377532168050307
108361251306471489818
104373400022732843839
114144542399315377135
111825341565392411482
116906393554762396076
116256696876494934017
103365456624937708104
115872578901084356176
106732480232559841249
110867354507440919932
103351902775264014456
111561539292186895811
106565435906407844857
105728886042794728370
116404233018017119304
105606261702184501087
109919483628467309712
111505376587188662947
110768562890917246688
107556100006177055295
110054944436884567109
104619747503393735851
108097168863179836693
111206573985571880035
116780381051675513065
116422773158129145495
110827829944710644857
110712161595572718427
113387448313052291161
102127968177110100693
102319289498898048865
111104662579349188922
107457821491469335555
114835117785912604744
116531468120208380349
110057687691486053054
105135023730525754515
102550939011914482302
117239036040824602225
102786900144989056161
106866230190242670349
101186220030585061612
100197573651220233419
100248994746343354512
103661626411068691443
105080186717848173196
110206169594070357955
117560664691580702505
106237639249954680416
114049181704701025985
118077021111350586131
116698810424679123563
103763657863740372844
105290423052555722656
110690510449832534059
118291346816505682697
106091823422129351565
117110432049611651633
111780785702840142964
108551396809464585508
112260310763671535457
113278407285752499182
100721347270004327507
111448927553615080015
104168098980390910577
118048940046320646331
116557738779454205800
118094176795022730659
110444947162230185235
107882923317909117761
114690296983434375323
105512050906960444324
110173495276071660865
112178003761492675751
112419834910578479705
108034656581740546400
104560461279385030111
104987485407856443947
104331825341441896798
113962086845554565147
111613684086541412856
107099268164842034784
105536779038070123168
111366282253791005867
117340157899955018091
100865920467386411941
100172823094488894720
102250504939482714679
109794913433073248795
111052720563241475085
110035104619117041502
104830115848425586817
106697082791603910895
102850818723385806280
104898065532187181545
115943553381365052607
108312480866562144882
106104074651925103481
117950174839180394564
101190645171134801441
103967667514606810296
101260462712375889460
107006040991750560542
105987805563931839280
111031505135714273152
115890769230440529478
113638699071505716102
107300967135338187293
103255255857230614462
114865178912432122459
105281111941295749219
113097940883162138360
108611903986161479838
110285409843470406701
105992284643817931369
115111575370209676339
102641784804851638329
116719305571715652502
112544192246463268694
113607801476445507336
100326368432309288102
101398597665744125147
101751358839525584361
108928230982691134233
114435311854459619024
101237172054245175350
103229894849672520985
103453994331849392935
107828369887140439588
117959695345051094050
106304155471802733576
116204715659021248444
116875432463905707668
117140641465166890155
104759713296829470973
107165997610288335504
105627701330252327924
117817171157771169548
111921404224074339099
109614318479339992258
117131245628544979218
110401232853265636866
108364694494250031657
103807072023469584561
116819528260408364822
115971941902766928514
115173161770726213165
113058988099460998411
117361598962971729769
114795120300556720042
112928874679073257956
113406805772091496020
117658881117794506516
112731257826853911081
116511267891670317056
107016942026956055596
116556044398255897067
101323058623063829616
102065303411528791162
102174929600525357961
109691914671127972395
106023837029994704726
105442104158474116578
105610382232321821041
113691084064383982256
117268443368857293036
117879377120579555623
104258170850541443794
100453623613693721811
111843525112481887959
106993243030161906698
108105216183622857074
103618543375127073102
105705956798974502941
117738526262555464861
107386064838944707503
110922392252751336948
107318359112924497940
108334561931891326568
102017028485458902593
108762832875768901330
109112131651167780272
117314894963701067797
105386351718674309832
105881272890257720325
114022165288402321034
107772221201591419363
108533029549433561522
106299868341158272098
103495113218931821766
102353989722397446713
105605927835386332847
110203365424474381533
115499594147544694745
104056174827607483918
