105906240253049085314
117715239284521647705
107002345066721953243
113205187440913804176
116769146619281826093
114166607935510638795
104893386242806125928
109177338258671224081
105365214208426380348
102524937055624591134
100091193454784268374
110575672999326220704
112111717285060525101
103937366003773774390
112854797096746538738
117761169112653486692
107587593487166069239
112364994364549187308
118124855463171459538
110712096762265137583
103196237975919931232
111105331349058078830
113952768414888702198
107226845176475209559
115130379936880168116
104233435224873922474
111292197443269807673
102929090865643223170
112197235552920398422
105986155410053536617
115061982954279708382
106175600618883310751
115552643007449577681
110026507088669074899
109508894700340185947
113881432880214074479
113882234181361912624
110553001438564076712
112218648252039616794
111811295178621560360
112744954137305013367
110534034909019550942
110180476786376387701
101237737893556432233
102460710691029744206
114254216921300779748
114257644397000032429
105563510917188739158
102856783340530865393
117216466348198364571
102991700177087923792
103348194872159369158
118218578631139043352
112650348159434958899
108617074662758965439
106785064163240715797
100917017096277278015
106801594772130023607
113460276440712687269
102119674388808470102
113281374878828055578
112725069581424375298
113776708945894269091
107243949025011551116
100593774889764346454
115158140753004473048
115511132282021837569
108428491602339716924
103366295965092424602
116472517795758395639
113784714993226155161
115075856392908055115
108453467213547113865
117610083673637785325
114603814196917070069
101062426971907362935
106402850684051126748
102637182371352471338
113286688700643017764
111397958778809084963
115852851466111865666
105828753667992134897
109122814327218258993
118410201701234187547
101159644402693130590
103517351711105559746
112626948317740826566
104791050931775174471
111410410935705702327
102639966650194726411
117601521438881192604
112406639502695728795
118443687474859864450
117654727056982264425
115462100032062835128
110438281250182754901
107417887032629514288
117177072008464262060
105191907638854305572
108501470438109794216
109447323719942836871
117944179899071977687
101798506124778677222
109158531386124847898
112861781925272913280
115528295206137722215
118279105741608402197
111691297248530350631
103696624343209311354
106744370579368745010
104395894182593241283
112392906100184896018
105945554895668380435
117589065254970546859
116507258929489218507
104337250309547718994
103350848301234480355
106029910359400047659
108786159450494461914
111598535183122499137
109366801598992739520
100467386233176318072
109150254638842206625
103806447633639121319
104913874849678177118
107399103137253989399
113413848065665509284
104306507229714934467
112228287863675423760
107851141481096153456
101801063324490856814
110309714168421433676
116866186749518250528
117719571960998556337
110213559161222380790
103444028120200753476
100473530312870132359
101331181690178175413
103909037724147354399
114933383904012832946
111948405981929312054
104394592317453579688
116530861062502751242
116592727346385544859
112927536856820958541
117995354957231049088
118122106764594800502
118073857442509254484
100731400556568979721
111224208993188360926
109972393384120358602
110891307255905847602
111799391995416167619
115157882097089845153
115978527653798764146
117857066649544506781
100614145404577079934
111387026232554278595
100184073177480150067
114520560988791022375
101305271473271349367
101426139473490260530
106634518516916912156
105965412189256975710
118410564810231353534
118373149176703138416
101483229535703208837
109409855643075367977
109908630453923262785
103198326036895975378
114896928018680933788
108076920360389960824
106705450751316987915
113739580710601775809
117158910789200762540
114757423111755637998
100500197140377336562
101523432107792446366
107212494492765456906
114004547841929396876
115914431104459803673
106991787225309310325
113736652921171579041
109778238062128383421
107815270870071104283
109741345578887633913
101556376269735754122
105708554347642248083
103868656263161773257
105591429813096044140
116297819524711246570
115639320255216018174
100284485939530393059
118397504501246263599
112508987651419180437
109505718797890230097
109967919793826226829
107101795460319587517
110216661905393804108
112030146221998190775
114107101115637507742
106184081637816390532
100157670154620604789
112934030897662669662
117336777773531755552
109084353716230836692
109408520520143490220
106447680294037484526
105199662570405897744
105297126909425424603
108155051434134593631
117982539935485463972
116913377793901594763
113663810483758270638
116661727344003764736
101178101632035322387
114670571143350940283
105627532738033853485
113471368164747388182
108385913398776003219
112097905772004468407
110927187580664495110
100594177844460829355
100555365529006456160
105877173828458320539
103925872791884493344
117327973844438638644
101227464655243717764
107272985528479618215
114262723451294531876
107047236903320174972
102210423995405801393
111867953824515367163
114630452674806885560
101245534239119624647
117833144228055316018
110659794033480773790
108481786481621101215
117598834383938139486
110626333156677308118
102454866609896496705
116246734332369919070
108076239616197778622
106677532635210184087
112721391371370736577
115758687693038664151
102644774802128650026
100558138726212286322
105522533215950700828
109096985668078332810
114939027027608426926
112203198806844013050
109216124107734964699
101827932710839385984
108240735582876287283
116668474263896056080
106844169575003534616
113213630751395987241
115251065755572046236
111307184519818817944
104516985848127905481
102570692675729520836
117816895357783870352
116609103942331133517
112854605063320124191
109844784956796088338
112788754376247169755
108675828360141910442
103470456681788602053
112188198377628835318
105373851559513607355
104386132997549304923
110938028500210878632
104623625336882787245
106250804885368982065
111691139132777355111
103125970510649691204
115738346732233350622
110881756799863047180
101369421783715069829
101269502853601678452
110146523961072500429
102878251118103752055
108879880982701786571
108586586735082562415
111190293406213497634
112649437116708976487
109737331928925844346
114484847694766661921
116733809061977116857
108131278467345146754
116630539904677668273
102933777201480279983
101797703487278998937
116722376767319658115
116062362383797346277
112329727598232495819
114186099139720644937
113078778225524094921
107606364956660272373
111773318654271498031
117572160693718781000
113279415187761428204
116671803269225998491
105250836780181048166
111861580511300702231
114082080737421845747
101885307818099963648
105170359293226374072
108297335579277036219
116631814799574268832
101767498161875945183
100018869128496024658
104356102127741967126
111981597620800514693
101600222091894344596
117458912640260076935
110569107169306150114
100197909369950930334
113751873387941504471
115398209942443268155
117207597112885006116
109912513198198009690
117046706098197630731
113986223585091569176
108122747900219953818
107529661215552672147
102701752314913076708
101090479731881957555
101706063557107868736
113589451530815027594
109290618958311158354
114267068337099978466
113670338474174999075
105127378274217149822
110816132992861649933
105122635825450096114
100876012336944702287
106341949650802757346
101778629432945499567
115904442113352290833
104148459249138680704
104128021103783735535
110619542644790632139
104335109910971826063
104407115965766876443
115622265414751258288
109572901383517363750
102199962118309334280
113847600357136167430
108631050849947742311
109129654499278135352
110340277658325603847
101670592154326222488
110332950832383899240
107488090283966339609
108092441684930674456
105458165027746634515
115617500451536359891
113892930288843949176
108945515852927781451
113639919662287102368
113408709994275161560
112476625897421356205
106407838158175571235
117015574646707973137
112484977674304017802
105485807081838749215
107128631227082107398
100499973152560312884
105006904214916557412
110538767480663727366
104984247791570205242
110964918579004751675
114744772648933015782
118288199928420873787
107013904163584866115
112755993772775683593
111400017011705209674
108100149139705530704
118326940403136967171
112794029947896175510
102699016565876291109
118225072890086333052
111110780196368004446
113194664175175149414
106368704610046840242
107339997029344474854
102153928771520407633
112335510088201922641
101709873286101910112
106055525376526752593
110438645057156390535
114885234569933589123
110084296707866325647
109601734290053157122
116812125457511004545
103419508509967316797
106373256219781181545
105168412948552978813
114772145624136355599
116092804461502859309
112643581201613006028
103550756551027524894
114920036477419695508
113137747003697557062
109770545759766824142
105885671564266080360
113460985329792167575
109198508611907334595
118162916974548681741
113932139956590425830
112865638250038148041
109614844350347741085
114088492371101951838
101503283215709273774
117386644803748412307
105552962753029032136
116421797704211171600
115804790497633292679
108802572246452146687
110657567203389137289
114953079379117467827
117983874000211938142
107776056907197722143
101352360745787682810
113371891709747338001
115399377186191742532
106469908979825045135
107261875974120517420
113368660639596482778
112439259870073391445
111910675129978351389
105628479313328539719
111529624930077564860
104613074332198918959
100038266972332711495
100216380491075462819
105734866508985713094
109373445637700507141
100579185178104766047
112784340500267813997
109387740127994386373
108609322658174315983
109743337390462376791
113677343807233443320
104161859450638330928
105882872484780353033
118073602482417381115
107649915087103156062
101574295707786189989
116305229284574412076
105572468599299286569
111345643453148791145
106901268682594268814
111177941193224962434
117063913484678432443
114387593532730222266
108459573386357963357
114657526184015383563
106446367290789720364
113230248794499080060
104055683006751930553
110755552313261598604
102839419245874937683
101114273798654205984
116890434140723729896
118296474312453791635
111846008734347632662
109024765344264818518
106584478778673147051
110468264650212409146
116841252561611183169
101658663425029406944
113836680743687148387
112741247226509824770
105507255007244881280
111058001741891866502
115634409246318399501
101218166996483668575
115934252567746018579
115814983218547134394
109373752157991116937
118435151169984119332
105469934157013762971
109953661602885287830
117416840651261976218
106166498050731192069
102829839379586826307
115753380474262612236
101915277375995666006
104016838014904622880
115660371364672343514
114615930776130597417
108194905222225216110
112798921284414842512
106037534849851113384
116812452721344821064
105185627888318065141
111718539943565689958
101467241248361840003
118342749723004617709
115690002115447783797
117367546931116283373
109239171181919226352
117802718819084454042
112939659345625764811
111441278602865212925
101344656550775548255
107711055055716135991
107726927398410166962
104857529151802336774
113188225509686176367
107430272300656585168
101836181979992348572
114773175854029126743
102391658196690740823
116449683697000669063
116840152197565337577
116884266879677038068
106297520011267323283
106703168417043473890
103691927987522440472
103741860508726805125
109653059067016945022
108181820933279384916
108718353710159183591
117739352433607119749
101140207144768507022
101300545806380700944
115394718918238676599
104340264675967057957
104721935155057543400
101208304220752537252
109098401109120014881
109432289411490333717
100826605129693209744
117644310313073674556
115798208911367069569
112396603892866116455
114897518746084048695
103506935215264642870
114055612609436137659
117358940830582284717
103944846116609244065
117950616996287925555
118133193121066218201
113184358221140130601
113606436641600397546
110928818099012840643
100452708991576490979
100849751996215740292
116776641700900033964
111521796253013876879
101097599659441223016
105703773940012354013
109421341567069450644
101329117808581009997
100341236159439037154
105724392227190463972
104045015518008525993
100004182738266542150
112046544760293083927
116839282175087396969
107308892150843900137
103408599484615572940
107896318897982696153
103870477714023689884
110725027971761504187
107932889628425794055
105614274602978538528
106412059741403014604
108041949894793746778
102403844114088623452
114170971990169090813
108889193619527620927
108751590965129465066
113840627816587329229
102963368012033633639
117882967032153745875
115344358112152398952
111246828015196865180
104794357416797842691
114041543360439215561
105893758918993654255
105246224007131794173
110333610808859304428
107136009424503687723
113077882078239882677
111473015540712297707
114843638282749736508
112729668898294167038
113948520334342739770
104302524717319847611
104351466497607604595
100194255467882918048
109724973252696527402
114467143229974192992
117221181014834478351
103262187928891879137
102409541521880756024
109645149143024142708
112616464734184709712
109931720898576608083
115348217455779620753
117486163127284449300
113843952391732778391
112131783045160620816
113089467945903042011
111467848101862335396
109823518608997035027
100321151279506019416
103365414330168596683
113567988337097018970
100559336801841012588
102788028219631713965
117281706784796605856
114623384028964318926
102986129079732447326
116145689779174805621
111854155583273637867
114907243714075779978
101142334464498067963
118280439297643906957
118080334168176855555
109032396888934409347
114399824955878112727
107415498909951044899
108189051956467903097
101629601694508710540
107138252577341382354
103781024547427821917
110936255168209861930
104322538412361507410
104687537854931395796
116059559638026642911
113334323767665178056
116199336320862813448
101947225187189460156
116781938867157544277
113955950659128318424
117359251341494303179
112234311725464013125
106719888478374254174
109370001986247312717
104195111794933306727
110965421238002992707
114941695640724157314
110860281219069340808
114021087592299468662
114204749561905497250
108371810174792706448
105689381790695592257
109427068071741115310
103836732222096520374
112776394804213099516
101573046878061458576
118033263611227418605
113534165817251157509
107656441989772047043
116445808503872648601
100545608774380795406
109789961841789346530
103210349749727445382
100961950017588047603
117181348026639141630
111997796395785116972
106283922108129699420
117208352031643264455
111110685448095213919
113985731987180077065
103532909613436634482
113744227512276930944
105757987024812742682
106308277074762249582
109604989191192015312
107658994895859369226
115036449375269381266
115837821650007187903
105817372101827550682
110116772189713618397
116851296964263242704
110937633080014620803
107124593004987529252
113928607502113804557
114365538820807165126
110985456309645140331
118350747273094098077
116347892951863045412
104095316725471151702
104526088412303582285
113434995585160430384
113212521596279971127
106212147738129421774
108062931274412536670
117550536398268410712
101685285475097269285
106524609897721435605
113828817141661783470
104399009107290902865
107017596470929156814
108551884373246643077
116454071558894991259
105726916981663967298
109947717761014874706
110969169410821348334
108737826372233371194
105055667828400083634
116535729175489325678
113366947916435593704
107257656391184351394
100904897137206209324
102647964728260565099
105727630113100878283
100232784736864447778
117797303726201208014
114891570171382595348
114206374182535116858
105330596107965586162
102130624660669215116
117987375707030430466
112500866670314699952
112412084928798981766
106201826097530858619
117503500872691842255
111169963967137030210
105299386371536662379
110409106477376269519
108543583150803965918
104140615151677533893
101361724440866572704
110314117509003498873
113196882993846376611
100266019845173114997
110122056316886502935
114764905398517065084
112398228376227584145
103572704641884352091
117989391743878876622
113475807761833956711
113631905635176582366
101109306218161079603
109314642893293985200
113493582544762431392
118181941696351736108
110085459479405947449
114757182851165669545
105384565409386633298
108099018544057764635
105827005495199882207
107954099379890493913
114956385820405597987
113778251616327508779
102202414125507005118
100711896356182673034
102385677016564126977
111119798064513732293
103858970480657233136
113078118060677038593
110509843870991793010
101786989091444532538
112124706522616836689
108473722334175992172
114001605648891656421
109641595132930952993
111555644219439546774
108789683612844340727
104938260316819008102
104493418410078188542
114389864437531808321
107328854165139532748
106892098706781771448
100745355921971298492
102537311442114850047
105712426741393139015
102223279760110977608
111390797321249333320
113160051812751627551
117412424898669959409
116558713993467756854
100214839874726596188
101456432526177406178
112189045210724524763
114662899739335486035
103016305091677575711
109454441273190864132
110738103409828728074
110742546691872099293
112481014089111768935
114911896336915116400
100529051907406575295
117516194801750565047
109203298191824641131
104879440269585656114
109426177658156343826
102411724031159859912
102028382421163279545
100664206654688303355
108473931700991194634
111847618200072322999
107861372570950053948
115535806270815025774
103517524827103625873
105200243045307636581
103674611711666213369
103437856622567346894
104226577643414183134
106999283085442884929
113693935153054139638
105200004708533014667
107804356719389883863
101532238331382170764
105553212903569861295
118169119992583990144
113109722380907630967
107011644757896486902
106603247655225336693
113637533945052547043
104452366160859763896
115674905254419879667
108691605596225742219
104966912884708325723
103471206110598205946
109191139198471595798
104255568760244506562
116837462975879998834
111877959639417128898
106660622179104353560
101743280485026788173
118047481857889837560
114032640842124664328
111936536088629203294
117807059096433372452
114854973213577444842
107930933645596059137
105234996810858873698
115712040930821085353
110973704329518741197
104412097589206502237
102353695912205461525
108652648327327514201
108202791417034552859
111987275339938423204
109015301909649209513
109141689353596911368
115168192277156174096
115053674490645873709
100436638729168805081
111308381251881635958
113814718176290306281
117378485358443640056
100361603006132894087
105696176623036552778
108774259537448755174
114960561930590289317
108843179271882393756
108720636732166747002
110449321368658270831
114975783631024913673
109157110735102898791
109200222491331790830
117179983656322521915
100476002634723105622
114770712068499856968
116694412259283071069
114860947634750172598
113246709093644474050
109099925291650586977
103701487951840267062
104470672337942297505
116703694542040190830
101244566050624988254
110967744679616977937
103104470228782196396
105817404268862099607
115360471097759949621
117727772225070638938
106078408004685087305
112212087950959620804
103043586217168765851
108328782429092771930
114940395878239509473
105329782722934837812
114793922371372431204
114005387280411944647
108144241783274364746
112218431931879047233
111230797883587315374
111917428862685258497
107927419074299093410
112959648219599927666
102537655781961513770
114504297975282166450
113321897332729957964
113456005209035401045
104942445028167117698
114175722044434836764
105487899057556693051
106608679523956726672
113037168434624268338
109159493532679884486
105180623472734229193
115397459463438175427
103678137320753587931
112760507419403470733
105066655811382416959
109199221833785751288
114848851909661011835
110202198034343105584
110725366823695093673
109442713458035635461
113915728841574019390
107372074189211380811
106065391043321722980
108825757693583399055
106910545064013808272
103789656307254627313
104051667929638701601
116314270559822228867
101977710044119694085
111262411119823918514
115960281455807969736
104833363591449389584
114397243759099837013
118272743581699068179
111056939493246447273
110703041966676039868
115533614048623021648
102812797538966519825
109085359766489191785
107361794576722144685
105105241932724075305
112575427655624921716
115873429894901372531
110588647900815061657
115555175469108569316
101655028918118521762
111224673425988288682
113600429050835214564
113647696784457961933
116568648436824100576
115152771030985351639
115786607977635268739
112501946361400085805
103960582854335613792
103228377115749671764
103242398128263019595
101627567424078655574
106768579275135658240
103878751084344280546
101964076060255548818
118207880179234484610
108942877395886428909
114552942346627977337
103197072119870191855
113077707216326544205
118019328633110210449
117351018016198036584
109180654076144304234
104896968466670455012
113551934544912129528
101451526669832357038
106637077517635939216
109515008057285247128
109956875506187126102
103991716516369698018
101926311003432406063
101148967962176218034
107473302908769321207
103569223955184453631
111860776387295305910
104357322927324641960
101425129105653262515
110555617627067079209
115065032909002541163
111164095920889813531
112790541608856626787
109152254583631167913
109874251063149663866
103989714438539802685
106410303880969693262
103665215400601900275
116241022042885511128
102827406106355929027
116451041297447165773
118164497342036150713
113465053031843493224
113644547732955130822
116380866869796127702
100795579682109611181
109786994611278883971
100353206952174752383
115312243195676267926
104738462300686803971
107579910679190550718
115736328944627409459
110619488759230997847
108793821513864658309
117296166369658919282
109207238584929639866
116064361011906675114
117302873158452325530
102448755774386957917
116049922448498696061
117603607686759718742
115614276462770899728
101677827602707876707
117039672624612951723
117961579402111242699
116800226491631381730
104237928878530282227
118030677932128662474
115150133438884659116
112760419772005928330
116770564576603239176
104151108805226937665
104812646866585106639
112042076055136037642
108474601946608195109
101777653369152893300
112643688713958488416
106843846403908209821
103260366035003745476
100536084601007586791
116030120994150998629
108971911025874242115
101536672375373555728
114567758232549962435
106333350928719429867
115374129189487107354
117852307638595823282
112192867655469791866
117836909408103151685
116606853375318667968
102274263270103010838
111141291604330397817
118352515834420504763
100682926353300490656
116432460035599051365
108216481575226255395
110435515418657107606
103719045707351730830
105931399450121833402
115225333110913956383
103381252661746002565
113505658456766308581
101670345306815411265
100002570339457216130
100367503115780771194
116996247580119485049
118289012365276609988
114085939943834183247
118078090132973826218
116002007592336898663
105364253675880632544
110028926166588004512
116595955819236726380
115723497250720724489
116801396504730056029
107564460836583781704
102937801146732590067
101032487903139656138
113242570438870727570
100715883830507217090
105053836629214417514
109787899093869649380
105776328457500391891
112868677416045077896
117826194031026667478
114704550605609956537
106099767610184764707
100244547819668599288
116463398631220241817
112846520463909393829
105242418917790835304
107656088609554509650
117944050364586034616
114188216603728208646
111654526890788808911
114433068639876567319
117313008602725046771
100572864093098374902
115960853104100015596
107257021034576902612
103354783316522992508
116973610763099691389
116610289634938976279
107983271593262395893
104329778133904101958
102548133161684333494
111764711479435460931
106967603363917314808
115974471411304237232
109297682458147924844
102515793636163017532
111326202805290725204
103761425597053220894
113954421826671064264
106940157095126556776
112099441389008525257
101497190553915574028
106460081443549039493
106693866707326539937
115532307838378431827
104161716628522866471
107726803091521415053
117156390318749105950
109702519129586040521
105245774793744703724
105327749910596181181
105481431401211962458
109171980716910512075
102956403909812385597
106500283530667807044
112991788148758564343
105350485036871664309
118329137386936040018
108852911297343769767
112059782432455666430
107479972414590441930
109269987824436782296
115897275519876084462
117172210890929659970
112458929641718340012
103780727218752952478
112600345655704443558
116472423586843365534
114230025354777670011
100353223661065139421
107445386646566032830
112369231224757752357
109677523196894834877
114392797573764577387
111192545216447618286
113241140906722334203
105038839908231837032
112378789703840059331
107566692035791747156
112723977729315247217
106202140665681632928
118095950486955547495
109598909314600560682
102274324949357828327
114295009848288948464
110743347457904716838
110745303079761345239
118255448808209646312
113894206133654773328
114004155363503273601
102214944302428363479
113249176902246918424
102386061643932360231
115024883133685704324
111354175619708144835
111784876045532724041
107426097764860152966
108658322808101071211
115648442404572561557
116941057931371642411
107834695720005995054
117479393665221551027
113995924544774185517
100044086452589487930
108638730465100597739
117987197353117661005
100371741256463066611
102803401389738602097
101582797512090181616
111283684784795490034
104831959038084535208
100318317691544918205
116584586996485065174
114998274093215371718
105779539330518184170
117140875578947468780
113287981502127583970
103941966555649783447
106990451235776998835
102885931406196510193
117827297844224458435
103646463356806879048
101395211471134121254
109359740957736784941
108963441321407904735
118100784484403182312
107179117287243855818
105045415787096590272
111314446344003692436
112325758177811548294
111200550364895572897
111241992933707720892
100521912083286296189
113672371398762273294
115613019980025336805
116020766044009977687
100959057962370760652
101828162550020118111
108801970513974045432
110546372490547990722
105519230494390605120
110466688127241330787
114393702004749953015
117135795175884739045
105619512631196884371
112743605757303984481
109223400908779312098
113396085366491864565
117848215241745444378
108170863850431823498
113027034076721362512
114196879658987882188
109002927861284803889
101052222900177949607
114702232856033485194
109593991003021927240
113397184081422443919
105943953541748782535
102307394723816031732
106853748225068183571
113132369309190452866
100999437168383394345
116207519364526953738
103495860005219869252
103269738504450483643
100878806767104364980
110248560253758470825
114452950895312441109
108197515492969284153
109734182275118412029
114133424105096279812
112256262971985803627
100425314717666507497
105915557679398309247
101988970685633977359
118046161051825497691
104982775898773503325
115441391047056402177
117596705039803826041
101503740689015460188
117758633422740573203
101990219427442302679
109036502298692016540
109235410994532259220
102503612353070799711
110618615637669647856
115969810638572370964
111179849080930574380
113097200242572015197
105055261595366900016
111801059095077535126
105201176373156907412
104044918586174763681
107226127526541403399
106417640175496251231
109109918816041473801
116160773148292111951
113863709327795167722
112614629503035845702
102646951730116048245
102494516645010333540
116126030702040391275
109222625765033588286
106905437280557161280
108713685525348226189
104224069641299444760
113731659410643438692
106647823167543630106
103154021419482943378
103423635401286513620
102278497301743760718
113835745245738084148
110401639170856994528
102152077339673890027
114431426731516375274
112796558204081666551
105119763784866168573
117981764820200252568
106786361166040665974
116464040476710864355
116767222390922497675
102237490410873857243
100038801477768899081
109240396784020273049
105328553309292682236
106524308067217946609
104296799900527873616
117026175026346337767
109328089951144781565
118052974225736995984
102635603384887555229
100899129087606080401
109562901586951783089
101078252213639926422
105329383497575637596
104126984900306737113
118386604546929272031
117731559937306169683
103500469470412219792
114579322091996939989
108334680487207073728
111236596069143108150
114171028300610572462
113861527938285739869
116014429817647579252
112456645587971687617
112011358268380990226
105853359553887550708
102218898152935327949
114332721773817394369
104396678057490070191
100607901711540149116
108547104506260778440
111121944318034860477
117764903486859693915
114575863475278506094
106083551070484672136
100167392218476772890
111118913336661289661
114121112106010078741
114351648967632123909
115096109227401957076
102123561306522994318
101715166672702040952
110715737950371936462
101219665504422497195
105715626235585970812
117728375903366176082
100841131334236977277
105961523580667197993
110168370211627541313
111091216433727408902
101256842575147368163
112650314438543098831
113462720244414836633
113853562066798582287
104724098849036019136
105157127774325930379
113378546926001015971
114183662708475064000
112236022225312785143
118392661094797796799
116385745072642931823
117759579243394254074
113096248641132902730
108183103416288227690
115199759749045083491
102807581510424916096
103731825178600476873
103993576762929644791
114267773419271613813
118026639398463272784
101720949843787442951
116502265822827909414
108289658991258411284
102717856827860140529
111984737606533753044
110914730236012327405
112513146388954426833
109877524090416687959
117647760001812798887
105638188099764815235
104720037617623130438
101677589469732299122
105160433075294842785
107326243251126307827
100057108989743775422
104898496869252700360
116083110066078563423
107041148124473394663
112873071078153380519
114725054572112964453
109532158983350908400
107060424288360864782
105195671295295025706
105168191068692607396
114433946445137282876
114693772828500324009
112914596268707958517
117109500470631472195
108332525408983690783
115044006313953941652
102979772640344644098
113597767654921133086
103521578873234039576
110848187211512076760
100989412375630744487
116933653377767520703
100139858845390195788
100661603445748067303
101359320156397705669
104568902040908655079
113423697305355467550
104463396879674111285
116978677475993888191
117453423214170501228
110162437436434248821
115554792585284825633
109772087343640112049
112319791292164926508
100302514552074369628
105970713987864506361
104289883726404143259
109266072039202324022
107798369661752130222
111808627811254134155
106763590376872257547
102359113393343889092
103637680371350592835
106214315952977238851
104420373866752240148
100002360822112742862
107637233831163524609
118197605711733266814
103613366803016996008
117485509730858364179
100606679886269573523
110637584205646401899
113074527920483396956
100534215137522906484
107287769694015744642
109761739030893205503
113655310642665784571
107324161750757425848
113223496459908998178
109616949895077698029
109602109099036550366
114037378284666972036
105256981924882031557
114815362689552468369
113358615037506959993
108026574263956651824
109389725894205065198
113085300503661889157
113221456761665627996
102080422345329952239
118424248654700567979
108528673633973247943
114633929660816125928
105991524634428530719
106305621886626333206
102878676849076003707
118370504427898810639
101416665249036323666
108472446086621380456
106874840875253727067
100215376350938875350
104985708532065716992
104419718557047300287
106585189197906868245
108638251908107706165
103760237079742609335
116018357210669842109
101584348034052359856
109682152718734475388
107060747384818448486
104034090925814904348
107366627473199328916
107288584080985429021
116614923859716312939
102635388494963542813
103713208636693098383
101480213822270107414
117588301486692047551
116508506618684946740
100554500976407099763
113341029234499006572
113772620663265751526
117363573656504552555
102930091378957722431
106186845365035580750
106948657834615008875
111544196700536797743
111554987933966592604
107025842407166203929
109182892617707137168
105566470114506135090
109542911649507348876
114987167661511912088
117413195213895178169
112520056939027474815
106852562805678638086
101086984344364234970
116577422631740019752
110085459479405947449
108731744538450087099
103281448044228527164
101117422392416954094
101889696578499789127
112803501205702650321
107731799555901974083
112593838227997893925
118113213242039762621
116493099671441658945
114455571095414232563
112745398363811841495
115231793848943868585
106513291370416783683
104709807498290554884
100209219134113247261
101279197940586128995
116756261398181508931
109769935366217033478
112754019546978412552
104264667881147004010
106713324828423163290
114773841656813292584
103338316519291641356
105549329985835160193
111065631224913604999
106214327088293274715
111133157421825998055
115979337068175751439
114155434568965198230
113959573524199194187
110699336946295668050
118370614915371723128
117261937811288740032
117178584602480261946
113989119228751379338
112073708280980481515
113756167050040800917
114690980632900668101
117180854756788980990
101941904377401049155
111893823401762581111
102824205268580014580
108237875780880715512
101808577224828390751
111621508968310608742
107130915304848805935
113617397496940936256
114118650311757510780
104804197360202468182
100295770005231053862
100977871803762151736
115612505928574488056
112962526773092668250
113915638663396893976
105825448837320509869
105299313381841286437
114912551044060035996
113241554514811717675
103872177395977759897
115467915224480136813
113634213949035257938
108379267084570308781
103255563201347921318
101334365047520477942
101753693784533397507
115415828000330585295
113583756750042981104
100397143564111754723
116816110847604342806
114876257201428419502
115339837383720119002
117606732344074079965
114007753509391926406
106870405656458382722
104697984213613831956
104635534327767407294
102129459258839547324
113494348060889541436
107007532597091199015
115033991022993571353
100413907738590876771
113704329019988567350
106286603469044511413
107173354901071662994
100202311555695275165
113079249420997279540
101363943771837335622
108750195095400079962
105565801122232598313
107695470885492320349
115980371112892649610
113688093765607777594
111963399250423472563
100977422275552690234
116429462309227910856
110828507702455025983
108025843528217272925
115793880576064652074
104246052824529356413
113326831198780032740
108461826366661796406
111741402044735373941
112401952770781567400
116807964971665908094
111201690304349045558
108367097705973149077
100938407537262152590
113294272907480184445
110983580366733412030
110735708062164511873
103883003049684872799
111926558084085945312
110574302400095432084
100887779881087175523
104937708487584401093
108010916318918013058
114056369398654853855
115819511904120914599
108690696042587736665
116021233143819731020
106643008817839591059
102415998045228878918
117934558881213437028
109250120135931665331
113077916397963879402
105189645011363100316
109576390517263377520
114817491625770428254
110495607322457651140
116949941914460305119
112153033400441476552
110159577087327353989
112736687517394085900
108939269152135602649
101200982129293891538
117536815385594102099
100964769273059836860
103039296337171956993
102759837066390188500
116036783664735063914
112468574198859161928
105875946315921284409
118212729821703470124
110704293919898479568
103959927931081174806
117980924546340241500
112342696070957835349
117193854832907724231
111433946083133330595
104628301125180834254
108781441708502984837
116085164430567122982
101134772612765070547
104863700299562001370
112350738389094303364
107164984187699382101
114110556846067291570
117512935827163787888
108524634258859525900
116123167260395585663
101441739148301589953
108948469793800683042
114932379477427151268
100869961374472428236
109802194800116264138
103044765625100319589
110559964087783753882
115813182355432283509
110544057784772100611
101704061148770116542
102962898672723079810
108044910323263833203
103625296672213368029
110575574540036970329
103327597707871921122
106100130154931567653
111948995044069861636
106407899757932162750
108227738063114506633
108083926500526086106
111088535056635694874
108277350119400924437
104108527344275720691
114675771622209513466
106199917772808783680
102944117763191681676
109861188293497264721
118135254860184814557
117566490305066477990
114439472301632768932
113567312855977896548
112088997548728763797
110860889603654169382
101477514246180584541
104341201768672975036
105007459890227748927
110892037279079896860
103647715022748449133
112864331250026869076
110892224480992063622
118406122454585859147
100920909727641821160
106774490363877890456
116612263523774620954
116959974384612720045
116741035930579120729
104272082042063211465
111231384921495738769
114657625503333153706
108141318692683231128
110277653371393088317
112856411537444181168
116203951907669511735
116297474641336118782
114868731536711637497
114883698243431180833
115694430251181347063
114386507683069882188
110791260170772171960
108418593670316913948
118229123906696413394
103999052247442168278
105551943554693186434
111371604100899445245
102847564055751410984
111121956371706082379
112586889400225534425
104050979253158806779
100316636865880303074
115462408113490102560
107521477825794379565
102504440476715882973
114975430409121259845
116078018512629235142
116147245940612161190
117493644917663835392
117009787036440234452
105955027070968142952
103306624285358838374
107984576057700061726
102622579606544693937
117999799784406666773
114918475211209783081
100121771572038665942
101676997763197596244
102639884404823294558
101556243541044250204
106965538292027579983
107142699899449676472
100756142723772323478
103246714760223309235
116106031844608765641
113436554565557748386
110510991285280680852
105570643262146113803
104094144072202953357
117640320020632955713
104440166440169700478
116804777822112328980
111485965760337284356
117279228058789551638
103503284832145064106
103524976265859384348
103850818239576718482
106606403793600220472
100247858311746832435
112763744442301096173
104107321700597956856
102891449635168631826
107381410131247919995
105042995263136374016
110300216597663852321
111057784037362388009
112377075126323293856
108233185604694994376
115090065929360179277
102607053587389314332
112301290418009038922
112437925543031452934
115677952075205946930
101662936244118999922
107929874204179877132
101214052598565154656
113659334548566979358
102253535801670078635
117029647022296991840
113732137564196759845
118044960781203579454
103772301526352100970
114579490239182139216
117658043881235865051
109903237823637834894
115526316201910245712
101726943286365428863
104540173041153865884
118290842167768388613
109359068320633390153
100511514098247864579
114218830109826488542
107579503776172331216
117825293788500737797
117854743846933089622
117984074779012058983
117395227471086168831
110167971021343374195
109396338983879655279
114456347974587581731
101522714842513798836
103826572997850134465
115865408005375227129
108156576039087413460
105998599379170985028
102884624038579813760
117918146737942239062
101456182285008720074
104277817747875927659
117680872003014443769
107656189087549539176
113617643412160146897
112192402819786088999
116761875937645117617
108367931585096117029
111857633013695167867
116690758266701406699
115737196593204648193
113782805381403316480
101086904090457609969
109753435769110948709
108981450934928951667
105714037873538258947
108753248345450338901
107236562043506291226
102244474956521360449
117275451264370139197
106863947758820490750
104310964295796927754
113332320304796545611
111270468401620767104
108362680240491060461
102886742533129455539
107155089412842963007
115360165819500279592
117066506468390387035
115514397255079403751
103745203309160971155
102722482248467575904
114369333212415550595
115238965157544465033
109822556701237664805
112586149667607531498
111818928439033233746
111359974589057974606
109314208212305692693
112520265761763819720
109036740525707758902
112362462941797454588
112495688845875233512
114643572000891144487
101089954215674391484
113582118721671643672
107591925196290782023
106417234811436910525
103386279930622717072
111131018940912556062
101222135081665186048
116122436388208312437
106474331659929782026
107399478271306380919
115226430631986125816
112623826254414589333
107053214807811937710
110398047204290568387
100170148229157026151
118303958357736504937
110946648466163869807
111742271928435387301
115898290422770838482
111968302665998576155
103386247737621791814
111810443105312384655
112412519722678108062
112312843123738485479
114321103213737081216
117644837542237425847
108665936790621525090
113835603516394934144
102315463033695493841
100128639680244186953
113926857167503538593
105450449244978101449
111208316318356263391
110376448387770502311
109926133779653541696
105660264740595166181
115212797133013956498
114983097367885832270
101399463402690200465
103665215400601900275
103531026603787055384
103377423155109727835
111328688523562264475
108911463397388886019
104598725064252627275
109130647161025246839
112910381130703538841
101297706087595995962
110665457802709693030
109123593891799036315
101010196639837340263
114784933381437431460
113045251196080353904
107711290571851081579
106587625120690199521
110674394858144598487
101203336557995465055
106999283085442884929
114461763006605768331
115651493062221690941
117351046921487004979
105827111047096335049
102429355181662467662
116793603930682470626
112373839002409633329
102891416764415634758
101626349475864085576
116735352075195987291
117127316508165557950
106455987275850653209
104562111054973144277
114221608632425551851
114012931951002404740
105281005624199838927
116054190714342642708
118358232387238639974
106700682134651376893
101320898069063999298
107909779322929840615
108341058436152625712
106286034601006461642
115480994146908726167
111318164820286938030
101052032836891521710
104765569826732954830
111697872605247107918
106675344792770990344
116254529106988679749
104445318971843887534
114435962983777271250
108365925857827480550
110359470247334214110
114090050969994309091
112206844383723276320
104922776230712236184
114160614388459093970
105649969280084181193
113408184808653112021
101922120360336186764
110491047651274811818
115253252026897247981
108769438174342951418
110664163544530448072
111942388048023019185
112132991725520516491
113880523783156170923
109158492393905629660
118111241388465079888
111262146038004038186
109290122492363145596
112873658305352641727
105760454878668629849
112159750785306382335
116775861213316603720
107436525101014066887
101021402182820977276
103947384881829531453
116008838798301655519
108417896661568523406
106653805124535002901
108197008012177089956
101571415851549437605
111269526338712771798
110976848995039779865
115928787757088106665
115964779285055287270
111144812073698264697
111543502705531683187
114210212239021504632
108459941793203908411
105856566785673741027
111545409048163720919
118344405452526734956
111799391995416167619
113324892208183413310
110708467108533123928
116532865535007454054
109713292962660564110
116775425678962193609
110442724392192364254
105877024163016218616
104219414593422523628
102363011099678899326
109513121513434251684
116441747355761359686
104832546160649201130
105084298746384459335
107687316608858754081
105711954016916338238
117221181014834478351
100694247452537206892
106989050928931812785
100881556037144287193
105182007479730182152
114918992980599382116
103840736573217717534
103171539538382855017
111856125332142544723
114367888647493913213
112888333260099009960
115282763756107439379
101829990343558867698
106166513095038156027
116187633823872738647
110369400019552826076
102045528390325324867
118330540525351384885
117341151174134962242
104980272963411831610
116893190419237061335
105035441776794836866
101043890363878033967
104119148124600084839
112071705179056720988
113277212105066459281
116564081569751613000
102866508967272645489
117776008532672773054
103707335043429995965
112918882732026906031
112379562951077774351
102008120596627920783
116426561334517028743
107617596284380760824
109660094847777329099
110443614427234590648
112411714723315361149
106926403533589251639
106785640134352886401
110120092830545640600
111872947053121431326
105933463045878221227
111857225678466624287
101407334042012975763
108318711852238286602
112986039580953403823
104427420424693794583
117156396753349628062
102753395630862019509
108497481580630086192
107144561347896734419
103534762167383100387
105470014432474119688
106928842151774663191
116531492339611274334
101335125675928313978
104431253620720575053
107687301752503256568
101176389799185755147
108081058828040288656
103815754330955871564
107043571292752784235
106685408291386246029
110243317729301124339
108267731310450761762
116641255109983101214
107530933236337272411
100999510716457128826
103243549661488316224
111927434851950675358
101777264140617572326
112767321757951428914
110283677475656767925
107051266416018193660
101016312004767823011
100189759346164330126
107825637495874496563
113208664278393241114
106979101371763615086
116625748698664621930
107890892812219846245
105679113032410931246
107937681079548097823
110639321258094157551
112492323047985143047
111481447644559922017
113357211641573935508
102081466907669508480
107517075979602009986
100023454826187342845
112219758165656757403
114719490862040712579
105590900600411316281
118016779430486908907
113777370572067958431
112930693802843630308
103961622207897185587
111681449467433895384
115274350116914878116
114664072285934153200
103308966720354633749
103616173751917843754
112972931620937313265
118287535416756316989
107490094642040288986
107701581549106898097
107329962638892725242
117334727740661747374
115111902757485641613
106297307715493183656
101152179963987038422
104868206808156843273
107054595811747746625
112855146278359906556
105212400372187557429
112651877959389508127
102011746585924255046
101996801239570770131
102310404085514831636
107946070388138303216
104384358290826402426
113257325087425313801
111202046436335485770
104728593659927822666
104284122564618903697
109596771176526476707
116871617294061518922
114159361458113642753
108384733230052837178
114145822072485017894
106675928148597916371
106760002532485397645
118139859707355655988
105391637151401937333
110240596237283903526
111538684930665702515
113990419611174042553
112005751432451380700
109711622607515790898
109827801571313986624
108253956729476727439
112479437614910934441
105496857335924969890
108039050806197971804
116970964256701504475
109240044757088447151
100439496747617151024
101557515423113590895
111221282093617119314
109201846013935331619
106547587294057876188
102799262315059204113
111332777459061498323
108188407450737978229
100270914705860976244
110041229530806694608
100729154591605566599
103686651680473994864
117757503351660649658
102948679177783493401
103951826558502729102
103370071660081961448
117271060423257831893
118041596614631750359
112823738926317951869
103583912649046773560
106663752671434550342
113653660907421844462
102999799186275118426
111364114882867821146
108870095116299394448
115918467032249243868
116063199726941731471
109878249663387010582
101303522259678168868
103944225384531099007
101140398750343543866
117110116798857246717
116821138410926037229
108416119375918091837
107051449563131612088
117418785922810870830
114912751615618697455
101997516092847646008
112477964375937186777
117630917491462232278
109873161292252336751
109713292962660564110
103467398843503347007
115770553503350533572
113168760847050914593
116936201642694597366
112781825899521444006
107815115336145573002
104938081843810744348
104031464078848991939
114149569679595382150
110612843807399420549
106120524378923369517
108616267091985704723
112013484786989975433
114643700919089901249
102801043837401348058
107571094456687610124
113776697464080244389
111032087760858807678
117067827142526878413
104661734228795142673
105909014874142235350
100603669063504324188
100163653674396412014
110855553888064839434
105564496470455115494
116503042109741834080
117317616398358568532
107783887123849803311
105474413290546388855
115480233228558579536
110400681889930018405
109871208698319584442
114707973470276846911
118120628251662143002
110109536535303942619
106514457887240623803
103858159689664539877
117100372488415266737
111887480621474728399
104194559703478283453
102593464400858707316
112840862082209335772
111683322018950898248
117068846186334647035
102654692211401554248
109174662860299086400
104240396282831689395
106933716850312846654
108276140750700708961
110567895895654990245
107322985896542244544
105390741303375821885
115995474856058183912
115156610338077716676
117792916038456769023
106115358327643798041
114917546546094002556
116726435738367965591
115961559058092900685
103404080962921607043
112830466300480963812
108748777310109724819
109563437387210492406
111281644822593003660
105083421282771221213
106752421230865524313
113563628810232171878
114540797856211875279
111715974485067987603
111265772741198468839
108870682562716963420
101256832815197720346
105198445441835215404
113049613359148049737
115060689785247686741
107125674440560681441
103890780813346328822
117895307301451385870
107471416789605500624
103549796435807989013
102925776561665016427
102688620589277847136
113840608525483594376
112827559237681622719
112214133566096310215
106024966870684385448
102993463564933370253
107444225807930102606
114212457350679476623
106922878939563754780
102993159094468910666
116344918738759669890
109016566777218603011
117350893868715208080
103066198153062601083
112400684421235030921
102754695657281187413
104478686257866494183
106141970002595541286
109291217061852736868
100927066767872271007
109381830510940460480
113594593176115705603
116163358422112571718
102619949957030382888
113961351097992031484
110605591331076181111
109714009508792173900
111075350704857941551
115695006745648612252
100307900432569257477
117900361331411720078
117562864049803656999
107436842612846108037
103739197995029034689
116447466962709399434
105000473838481878184
103062905490730408754
108961062603982482967
111612022910071058120
104924909025527920583
100141392895307852991
109388214306197062663
118124730099141005953
109062349743664561319
108932516923800587632
107156991937217360886
116057040612761705165
104465489661429706215
110287050427438901604
104337973809114072848
112548315228858086798
117910750077021825818
101845883608788621680
102431865595565091587
107976519601784542680
100288169369168394725
100470690710672646339
118343306290150007308
107901452871585967145
110516583224189331437
100746429417361724218
101045415749708777248
109922665756727087064
104423733403392395066
106977132481886848688
105174659514557165440
100603837605219431587
114178971402368035028
115133701334872940215
117918204436463321995
111554115871683415051
113312148091121141413
109506164378945972648
114261503605849193719
113181176918111076277
103272499273622267504
107321576159719755545
101411338605600286853
106715024646809143746
106297445097292100248
115328163433795755223
108998341161034078266
116070521257995121010
100983857067414539088
103697095018226040201
104712165871867015466
116481989279326915063
110353360402549009758
114662564615807562366
103856476988548053902
104987932455782713675
110930479248748962886
116313940416025106561
106816866859480808067
105776604592839791482
117419150061736769835
107805432184547960184
102937801146732590067
113129524416958762199
116020633970440858636
104488509297269410525
114755720969751376538
107252679140906130911
105064571339265698380
116243472612414704935
109576371054766126560
110530590327565990707
101966250387827652733
113637799868111453431
104241996506596749840
112781359918451729976
107988184692568704558
106061660130098778874
102511089501724382955
104069408440161059050
110053592116991629512
117762429506827922906
108845452184637335176
109571851399755992199
116196255776925920184
114356124876034169611
118439553969948987112
118399878891074521847
116595892984056875934
104689143018043220111
101626760085974385962
104102810749912297663
101070585212498462204
101154815079610553499
110625403624407691168
104666427259892712823
108666142690543930399
100172752539930531525
104027103254886642973
104561294502022489511
104943407757074896355
108624864478494733634
106896781843760034915
110582812494966025040
107612997855711957528
115640166224745944209
101164518439266610998
100538394213130200865
106289142866667037535
114996769427128693565
101791997669935838409
109914182192056883177
100964554600167355079
105087627760252398975
104383201113000995684
113986140732205633736
103328891043135870974
103804350555397484940
106249567730720508578
116052469408367055170
111399477064678279494
102646263463156640077
105934062656984065229
109201465245692701194
107621107720677326732
101935427280244014679
112313131093511680898
100972526516802701571
105744978912972900726
115173736026505442509
115304645050453722342
104681094530251171326
110799759102489997615
117498375476372382572
117087904848654397740
108917098149551708737
110533964675344621759
118275014805875092366
105929410096674325431
105988924719223915927
100442813953336129888
112284483597445967731
100110422702032409396
114577573087675078819
102430183433106251721
116465171423076442358
104019246601200079980
113898649867402473662
109164490446802881078
111801433364217350130
102645677806659463824
105024782866148087815
116842542568258599201
103439343832781623422
101356736671395092615
103772069584080057731
111159258917060066001
111648576217609099896
107690459240089152788
108052744373922585034
107094240405149876245
111668011916790837842
107436687934748275383
115238779566911300935
117936641457022050253
111537945601586027194
108439974931616217967
108685955341663838527
109300780972604290061
102919233479827107165
117540767646954717573
107376048909018170369
100780558566324088839
116086258070065131620
115221987991576173804
113001537414983510998
105849807252529001360
102619162098811906462
113754984312860227976
105172707447595734019
104988583955292130530
103549106056800670335
101823874408142047251
102394220187795828013
102969131573222898728
102924348872753241378
109931431043097541877
113313859128163350435
116930732162144793517
100051951848958602692
114300619296343549970
117198457386276652806
107595206221400963741
107884559489583397952
100344013333105613810
114972106534463063854
109257316550563081060
101479592716996546463
102688149736230585176
117971370754584218959
108213941646673198444
115138436279578375375
117339563260397778890
114665095495847333409
